348.233	22.16534
348.623	-8.36899
349.013	-16.25722
349.403	12.44415
349.793	-25.26513
350.183	-23.07505
350.573	11.31527
350.963	25.30979
351.353	1.20332
351.743	5.56777
352.133	19.30682
352.522	2.99031
352.912	-35.00134
353.301	2.73595
353.691	1.01932
354.081	2.71073
354.47	-19.24004
354.859	21.23674
355.249	-5.29144
355.638	5.33627
356.027	-8.58397
356.417	-27.50168
356.806	3.96421
357.195	5.31577
357.584	-26.45227
357.973	-17.49926
358.362	-4.67277
358.751	-4.68591
359.14	8.0658
359.529	-3.0428
359.918	10.23521
360.307	-31.90081
360.695	39.50424
361.084	-15.32116
361.473	0.47549
361.861	-4.82307
362.25	12.98116
362.638	-31.64451
363.027	7.19187
363.415	-6.53517
363.803	-16.8074
364.192	-11.71658
364.58	-26.5314
364.968	-1.93067
365.356	-7.3166
365.745	-8.94532
366.133	-14.74573
366.521	-7.03078
366.909	6.63186
367.297	-11.31033
367.685	-19.68626
368.073	-14.31032
368.46	1.795
368.848	-7.12546
369.236	-13.35092
369.624	0.50054
370.011	1.60142
370.399	-6.34935
370.786	-1.13939
371.174	-10.1095
371.561	7.31411
371.949	-4.38113
372.336	-2.4457
372.723	-5.79249
373.111	-10.80766
373.498	-6.33364
373.885	-4.3049
374.272	4.05511
374.659	0
375.046	-13.2375
375.433	-3.48774
375.82	-10.30993
376.207	-3.27919
376.594	4.87555
376.981	2.30104
377.368	1.48486
377.754	-17.18047
378.141	0.3399
378.528	3.08134
378.914	-17.06347
379.301	9.51302
379.687	6.02309
380.074	2.06512
380.46	0
380.846	-1.01587
381.233	-6.04197
381.619	-13.12698
382.005	-8.07537
382.391	2.22216
382.778	0.28169
383.164	4.92427
383.55	0.53318
383.936	5.15422
384.322	3.38334
384.707	8.69623
385.093	-8.75764
385.479	1.39402
385.865	2.48116
386.251	3.78187
386.636	-4.1713
387.022	-1.05728
387.407	-11.29488
387.793	-7.08211
388.178	-0.36889
388.564	-1.73071
388.949	-12.83533
389.335	-6.40165
389.72	2.30187
390.105	-0.06158
390.49	2.61597
390.875	1.47793
391.261	-2.12527
391.646	0.47754
392.031	-4.38335
392.416	0
392.801	-4.03354
393.185	5.54629
393.57	0.22285
393.955	-2.69439
394.34	-0.38155
394.725	-5.10287
395.109	-4.42675
395.494	1.01758
395.878	4.49854
396.263	-2.90724
396.647	-2.34525
397.032	1.66078
397.416	-0.48454
397.8	1.74968
398.185	-3.4145
398.569	0.35609
398.953	-6.78647
399.337	-1.72274
399.721	1.36553
400.105	1.8705
400.489	-2.67911
400.873	-4.46377
401.257	-3.13908
401.641	-2.57249
402.025	-3.39266
402.409	1.31352
402.792	-2.08126
403.176	1.33793
403.56	0.49618
403.943	1.18571
404.327	-0.31352
404.71	-1.4818
405.094	0.47607
405.477	0.30234
405.861	-2.80564
406.244	-0.61207
406.627	-0.35502
407.01	-0.79473
407.393	2.02935
407.777	-6.40668
408.16	-4.40797
408.543	-0.47073
408.926	-2.65558
409.309	-1.17912
409.691	-2.33076
410.074	-0.65862
410.457	-1.21945
410.84	1.96994
411.223	-1.78382
411.605	-1.69816
411.988	-2.74355
412.37	-1.2927
412.753	-0.82159
413.135	2.52483
413.518	-1.08853
413.9	0.31499
414.283	0.98246
414.665	-1.79244
415.047	0.67312
415.429	-1.51311
415.811	-0.73618
416.193	-0.97026
416.576	0.93526
416.958	3.80684
417.339	0
417.721	-2.56694
418.103	0.18479
418.485	-2.8318
418.867	0.24518
419.249	1.18447
419.63	-0.93845
420.012	1.26803
420.393	0.10471
420.775	-1.57827
421.156	-0.63278
421.538	0.72434
421.919	0.7519
422.301	0.1816
422.682	-0.82209
423.063	-1.29019
423.444	-1.98291
423.826	-0.76115
424.207	-0.11337
424.588	-0.22835
424.969	-1.84138
425.35	1.80009
425.731	-1.67816
426.112	1.28682
426.492	-1.34108
426.873	0.12299
427.254	0.25983
427.635	-2.21373
428.015	-0.08307
428.396	-2.06908
428.776	-0.93535
429.157	-1.6339
429.537	-1.35228
429.918	-0.16042
430.298	-1.11696
430.679	-0.71633
431.059	0.87003
431.439	0.88071
431.819	0.81869
432.199	-1.48277
432.579	-1.73397
432.959	-1.08113
433.339	-1.47427
433.719	-1.95475
434.099	0.11675
434.479	-1.36222
434.859	-0.49478
435.239	-0.35306
435.618	0.9599
435.998	-1.48689
436.378	-0.38609
436.757	-0.13509
437.137	0.34469
437.516	-0.29203
437.896	0.38918
438.275	-1.59985
438.654	-0.82209
439.034	1.18901
439.413	0.48168
439.792	0.19156
440.171	-0.12574
440.55	1.10468
440.929	-0.23676
441.308	0.08556
441.687	-1.02643
442.066	-0.58956
442.445	-0.32287
442.824	-1.36834
443.203	0.0347
443.582	0.43029
443.96	-0.26951
444.339	0.4969
444.717	0.76925
445.096	-0.92529
445.474	-1.43481
445.853	-0.27272
446.231	-0.28944
446.61	-0.73462
446.988	-0.49741
447.366	-0.82883
447.744	-0.25358
448.123	-0.64471
448.501	-0.56614
448.879	0.34914
449.257	-0.26361
449.635	-0.25956
450.013	-0.95842
450.39	-0.62145
450.768	-0.24294
451.146	-1.98755
451.524	0.24558
451.902	-0.47842
452.279	0.12765
452.657	0.07787
453.034	-0.9204
453.412	-1.69733
453.789	-0.83055
454.167	-0.45995
454.544	0.43485
454.921	-0.98143
455.299	-0.31323
455.676	0.48043
456.053	0.27928
456.43	-0.11537
456.807	-1.13796
457.184	-1.44695
457.561	-0.59803
457.938	-0.33969
458.315	-0.09376
458.692	0.2792
459.069	-0.42233
459.445	0.34025
459.822	-0.82948
460.199	-0.2226
460.575	0.01615
460.952	0.67249
461.328	0.07123
461.705	-0.05505
462.081	-0.17494
462.458	-0.23439
462.834	-0.37604
463.21	-0.23458
463.586	0.78601
463.962	0.20227
464.339	-0.43392
464.715	0.25672
465.091	-0.31301
465.467	-0.47397
465.843	0.2319
466.219	0.12083
466.594	-0.49451
466.97	-0.28544
467.346	-0.44366
467.722	0.21204
468.097	0.04778
468.473	0.31629
468.848	-0.17012
469.224	-0.29587
469.599	0.4401
469.975	-0.53411
470.35	-0.23647
470.725	-0.15718
471.101	0.03237
471.476	-0.1668
471.851	0.2153
472.226	0.06303
472.601	0.41035
472.976	-0.69472
473.351	0.01847
473.726	-0.07314
474.101	-0.21112
474.476	-0.3639
474.851	-0.7794
475.226	-1.04599
475.6	0.27185
475.975	0.50579
476.349	-0.00576
476.724	-0.31745
477.099	0.22474
477.473	-0.36789
477.847	0.10745
478.222	0.23221
478.596	0.43784
478.97	-0.08772
479.345	-0.00545
479.719	-0.16401
480.093	0.03763
480.467	0.0908
480.841	0.06875
481.215	-0.25783
481.589	-0.28475
481.963	0
482.337	0.38289
482.71	-0.16237
483.084	-0.21471
483.458	0.09534
483.831	-0.82399
484.205	-0.14004
484.579	-0.67263
484.952	0.77462
485.326	-0.05331
485.699	0.66097
486.072	0.01438
486.446	-0.14755
486.819	0.37825
487.192	-0.16552
487.565	-0.35998
487.938	0.07013
488.311	0.66424
488.684	0.25854
489.057	-0.24898
489.43	0.52533
489.803	0.34399
490.176	0.05763
490.549	0.31693
490.922	0.23724
491.294	0.74191
491.667	0.46545
492.04	0.44148
492.412	0.56988
492.785	0.81443
493.157	0.29092
493.529	0.47085
493.902	0.81494
494.274	0.59661
494.646	0.98307
495.019	1.2649
495.391	0.68992
495.763	1.0956
496.135	0.3413
496.507	1.52038
496.879	1.42101
497.251	1.09355
497.623	1.31606
497.994	1.41901
498.366	1.94269
498.738	1.42841
499.11	2.04811
499.481	2.11159
499.853	2.19988
500.224	2.39865
500.596	2.53348
500.967	2.53487
501.339	3.05646
501.71	2.9538
502.081	3.52318
502.453	3.47832
502.824	4.22832
503.195	5.99087
503.566	11.74125
503.937	22.53849
504.308	39.73481
504.679	55.42862
505.05	73.03205
505.421	84.15257
505.792	91.5243
506.162	93.53269
506.533	95.71019
506.904	95.32066
507.274	95.52615
507.645	96.80741
508.015	97.46241
508.386	95.42726
508.756	95.18722
509.127	95.70427
509.497	94.16652
509.867	94.16513
510.238	94.31299
510.608	95.2514
510.978	94.80725
511.348	94.86144
511.718	94.60659
512.088	95.21768
512.458	94.32291
512.828	93.14256
513.198	93.89014
513.567	94.27725
513.937	95.90258
514.307	93.9905
514.677	93.7882
515.046	93.0535
515.416	93.03433
515.785	94.33865
516.155	94.53274
516.524	94.60032
516.893	93.85728
517.263	93.62466
517.632	91.50434
518.001	91.61091
518.37	92.49884
518.739	93.85829
519.109	93.44646
519.478	95.53828
519.847	96.58765
520.215	96.18718
520.584	95.91406
520.953	96.16058
521.322	96.74885
521.691	97.61041
522.059	96.6068
522.428	96.10831
522.797	95.7142
523.165	96.11587
523.534	96.31536
523.902	96.81504
524.27	96.80982
524.639	97.00648
525.007	96.37094
525.375	97.07451
525.744	96.99341
526.112	96.64255
526.48	96.86256
526.848	97.40712
527.216	96.50157
527.584	96.07799
527.952	96.70271
528.32	96.64146
528.687	96.6655
529.055	96.58197
529.423	97.12064
529.79	97.10012
530.158	95.5912
530.526	94.30057
530.893	93.60929
531.261	92.9797
531.628	93.97741
531.995	95.03639
532.363	94.9151
532.73	96.17833
533.097	96.78981
533.464	96.18046
533.831	96.53734
534.199	95.78175
534.566	95.47654
534.933	95.75213
535.3	96.38232
535.666	97.01387
536.033	96.48683
536.4	96.61255
536.767	97.28232
537.133	97.32168
537.5	96.10711
537.867	96.75566
538.233	96.45673
538.6	96.8691
538.966	97.09822
539.333	96.47113
539.699	96.76495
540.065	96.39441
540.431	96.16957
540.798	97.00025
541.164	97.09764
541.53	96.88747
541.896	97.91271
542.262	98.23245
542.628	97.60361
542.994	97.57941
543.36	98.06256
543.725	97.4534
544.091	96.92741
544.457	96.39954
544.823	96.97805
545.188	97.27998
545.554	96.2122
545.919	95.87562
546.285	97.09059
546.65	96.81832
547.015	96.4729
547.381	96.1568
547.746	95.68086
548.111	95.05917
548.476	94.85092
548.842	93.9303
549.207	93.76226
549.572	93.97105
549.937	93.84358
550.301	95.42197
550.666	95.81863
551.031	95.6951
551.396	95.76313
551.761	95.53683
552.125	95.02302
552.49	94.6359
552.855	94.82916
553.219	95.04655
553.584	95.54812
553.948	95.79647
554.312	95.71583
554.677	95.83703
555.041	95.85911
555.405	96.06134
555.769	96.66833
556.134	96.85003
556.498	96.96553
556.862	97.49662
557.226	96.52424
557.59	96.773
557.954	97.18289
558.317	96.56789
558.681	95.74539
559.045	95.28994
559.409	95.4649
559.772	94.93913
560.136	95.49096
560.499	96.18081
560.863	96.55547
561.226	96.63452
561.59	96.56635
561.953	97.33736
562.316	97.60208
562.68	96.52816
563.043	96.85913
563.406	97.11101
563.769	96.82442
564.132	97.10893
564.495	95.52681
564.858	94.8991
565.221	94.67722
565.584	93.49468
565.947	94.08146
566.309	93.7534
566.672	94.44888
567.035	95.94376
567.397	96.27258
567.76	96.56378
568.122	97.04608
568.485	97.31176
568.847	96.75011
569.21	95.72564
569.572	95.6897
569.934	94.71658
570.296	95.39342
570.659	95.92416
571.021	96.58261
571.383	96.89988
571.745	97.4105
572.107	97.25444
572.469	96.91689
572.831	97.5597
573.192	97.47951
573.554	97.92756
573.916	97.58168
574.278	97.01602
574.639	96.94326
575.001	96.48392
575.362	96.99338
575.724	96.09077
576.085	96.37252
576.446	97.06638
576.808	95.75471
577.169	96.70557
577.53	96.85875
577.891	97.16437
578.253	97.62218
578.614	97.99423
578.975	97.78189
579.336	97.17968
579.697	97.12434
580.057	96.76085
580.418	97.24786
580.779	96.91218
581.14	97.42708
581.5	97.69321
581.861	97.34754
582.222	97.83752
582.582	97.36136
582.943	97.01676
583.303	96.8186
583.663	96.19958
584.024	96.17739
584.384	96.30257
584.744	95.56508
585.104	95.86781
585.465	96.09144
585.825	96.31134
586.185	96.30537
586.545	96.57508
586.905	97.07274
587.264	97.16332
587.624	96.60119
587.984	97.33319
588.344	97.22906
588.704	97.26995
589.063	97.55625
589.423	97.7361
589.782	97.21456
590.142	97.01177
590.501	97.61554
590.861	97.79163
591.22	97.99978
591.579	97.88998
591.938	96.94221
592.298	96.35165
592.657	95.96505
593.016	95.56089
593.375	95.21013
593.734	95.30318
594.093	95.18588
594.452	95.73698
594.81	95.80582
595.169	96.11767
595.528	96.63659
595.887	95.62856
596.245	96.05136
596.604	94.18452
596.962	94.21761
597.321	94.27093
597.679	94.18944
598.038	94.55989
598.396	95.16229
598.754	95.01557
599.113	95.68298
599.471	95.7595
599.829	95.58275
600.187	95.60251
600.545	95.26933
600.903	95.31366
601.261	94.48926
601.619	94.16641
601.977	94.34292
602.334	94.11878
602.692	93.90635
603.05	94.33008
603.407	93.45368
603.765	92.91058
604.123	92.06793
604.48	92.21177
604.837	92.49763
605.195	92.68142
605.552	93.15463
605.909	93.05309
606.267	93.00888
606.624	92.77892
606.981	91.58821
607.338	90.85244
607.695	90.95285
608.052	90.84823
608.409	90.85181
608.766	91.23444
609.123	91.49081
609.48	90.34406
609.836	89.28208
610.193	87.19333
610.55	85.42327
610.906	81.63617
611.263	75.8331
611.619	65.71593
611.976	52.21469
612.332	37.44372
612.688	24.75049
613.045	15.13952
613.401	8.72379
613.757	4.74908
614.113	2.54532
614.469	1.46738
614.825	0.90059
615.181	0.64007
615.537	0.58558
615.893	0.44228
616.249	0.40764
616.605	0.37425
616.96	0.3521
617.316	0.39511
617.672	0.36839
618.027	0.32415
618.383	0.29641
618.738	0.20322
619.094	0.20559
619.449	0.22002
619.804	0.32065
620.16	0.24869
620.515	0.19566
620.87	0.23256
621.225	0.10716
621.58	0.17607
621.935	0.23059
622.29	0.26468
622.645	0.27206
623	0.14468
623.355	0.15372
623.709	0.24942
624.064	0.23968
624.419	0.28834
624.773	0.17044
625.128	0.16292
625.483	0.1062
625.837	0.09202
626.191	0.13867
626.546	0.22079
626.9	0.24054
627.254	0.23185
627.609	0.13371
627.963	0.09156
628.317	0.10003
628.671	-0.13003
629.025	0.12511
629.379	0.09923
629.733	0.08951
630.087	0.1671
630.44	0.18994
630.794	0.15653
631.148	0.20428
631.501	0.09846
631.855	0.18132
632.209	0.11668
632.562	0.14252
632.916	0.06023
633.269	0.08178
633.622	0.12197
633.976	0.09277
634.329	0.1263
634.682	-0.0083
635.035	0.13269
635.388	0.08953
635.741	0.08017
636.094	0.10542
636.447	-0.00549
636.8	0.1134
637.153	0.06772
637.506	-0.03715
637.859	0.03501
638.211	0.03592
638.564	0.08459
638.916	-0.02334
639.269	0.02859
639.621	0.02141
639.974	0.04532
640.326	-0.01065
640.679	0.00354
641.031	0.09489
641.383	-0.00356
641.735	0.08158
642.087	0.11904
642.44	-0.08546
642.792	0.03771
643.144	0.06937
643.495	0.03587
643.847	-0.05778
644.199	0.11718
644.551	0.05574
644.903	0.07086
645.254	0.02341
645.606	-0.02333
645.958	-0.00949
646.309	0.0268
646.661	0.14264
647.012	0.06933
647.363	0.10276
647.715	0.07782
648.066	0.07254
648.417	0.09953
648.768	0.07323
649.119	0.08207
649.47	0.01186
649.821	0.02473
650.172	0.01687
650.523	0.00084
650.874	-0.01179
651.225	0.07497
651.576	0.08125
651.926	0.09115
652.277	0.05058
652.628	0.08497
652.978	0.11467
653.329	0.01994
653.679	0.05554
654.03	0.02558
654.38	0.02644
654.73	0.10997
655.08	-0.00083
655.431	0.0843
655.781	0.10236
656.131	0.05736
656.481	0.06741
656.831	0.04261
657.181	0.1084
657.531	0.12763
657.881	0.04982
658.23	0.07287
658.58	0.09092
658.93	0.13511
659.279	0.18744
659.629	0.15984
659.979	0.15309
660.328	0.20569
660.677	0.11864
661.027	0.02011
661.376	0.17007
661.725	0.07557
662.075	0.11407
662.424	0.15105
662.773	0.1948
663.122	0.1388
663.471	0.23447
663.82	0.13657
664.169	0.23123
664.518	0.1682
664.867	0.20654
665.215	0.2889
665.564	0.26952
665.913	0.32613
666.261	0.33463
666.61	0.50406
666.958	0.52832
667.307	0.45719
667.655	0.60008
668.003	0.66021
668.352	0.73266
668.7	0.77066
669.048	0.88286
669.396	0.99475
669.744	1.22417
670.092	1.12545
670.44	1.31486
670.788	1.46734
671.136	1.61344
671.484	1.81461
671.832	1.94506
672.18	1.95524
672.527	2.1691
672.875	2.3478
673.223	2.65334
673.57	2.81239
673.918	3.26674
674.265	3.99614
674.612	5.58523
674.96	9.34551
675.307	17.30332
675.654	29.38228
676.001	42.53898
676.348	55.15714
676.695	65.0939
677.042	73.55508
677.389	80.33979
677.736	85.92211
678.083	90.13928
678.43	92.5337
678.777	94.91207
679.123	95.58433
679.47	95.73644
679.817	95.75506
680.163	95.72675
680.51	94.55906
680.856	93.91449
681.203	92.5779
681.549	92.32958
681.895	92.18704
682.241	92.36961
682.588	93.06867
682.934	94.42683
683.28	95.33653
683.626	95.96028
683.972	96.47177
684.318	96.64211
684.664	96.90195
685.009	96.87653
685.355	96.81554
685.701	96.7645
686.047	97.02514
686.392	97.34686
686.738	97.2033
687.083	97.17531
687.429	97.81347
687.774	96.78375
688.12	96.8025
688.465	96.44406
688.81	96.08293
689.155	95.98382
689.5	95.49522
689.846	95.62701
690.191	96.24867
690.536	96.31589
690.88	96.69776
691.225	96.90013
691.57	97.74166
691.915	97.58329
692.26	97.58239
692.604	97.4737
692.949	96.96539
693.294	96.50817
693.638	95.84872
693.983	95.59742
694.327	95.2817
694.671	96.02531
695.016	96.07463
695.36	96.38175
695.704	96.98509
696.048	97.58613
696.393	97.28454
696.737	97.92924
697.081	98.4077
697.425	98.23698
697.768	98.5305
698.112	98.02559
698.456	98.05786
698.8	98.08797
699.144	97.85855
699.487	97.86462
699.831	97.9009
700.174	97.98876
700.518	98.15247
700.861	97.94841
701.205	97.63496
701.548	97.98462
701.891	98.2479
702.234	97.85678
702.578	98.14318
702.921	97.75106
703.264	97.47462
703.607	97.62167
703.95	97.42078
704.293	97.73501
704.636	98.14718
704.978	97.94477
705.321	98.52617
705.664	99.00933
706.007	98.13048
706.349	98.74349
706.692	98.31772
707.034	98.20754
707.377	97.75315
707.719	97.20031
708.061	96.815
708.404	96.55937
708.746	96.30181
709.088	96.46025
709.43	96.28871
709.772	96.54672
710.114	97.01994
710.456	97.16711
710.798	97.67671
711.14	98.09858
711.482	98.0541
711.824	98.16115
712.165	98.65847
712.507	98.13268
712.849	98.29244
713.19	97.93011
713.532	97.8049
713.873	97.19701
714.215	97.67162
714.556	97.04152
714.897	97.32143
715.238	97.02743
715.58	97.31261
715.921	97.6076
716.262	97.67073
716.603	98.00974
716.944	98.52436
717.285	98.28
717.626	97.97951
717.967	98.18518
718.307	98.09208
718.648	97.66575
718.989	97.58207
719.329	97.39791
719.67	97.59345
720.01	97.02621
720.351	96.64935
720.691	97.63334
721.032	97.45861
721.372	98.04855
721.712	97.74457
722.052	97.89651
722.393	98.56538
722.733	98.63811
723.073	98.47963
723.413	98.42059
723.753	97.95835
724.092	97.97713
724.432	97.95178
724.772	97.04979
725.112	96.55959
725.451	96.94557
725.791	96.44999
726.131	96.74233
726.47	96.88433
726.81	97.1553
727.149	97.35918
727.488	97.37931
727.828	98.16045
728.167	98.54198
728.506	98.74695
728.845	98.75099
729.184	98.92912
729.523	98.892
729.862	98.81779
730.201	98.43703
730.54	98.00149
730.879	97.87381
731.218	97.6358
731.557	97.68163
731.895	97.63504
732.234	97.69735
732.572	97.39034
732.911	98.009
733.249	98.2444
733.588	98.86159
733.926	98.52659
734.264	98.67962
734.603	98.62352
734.941	98.40533
735.279	98.88647
735.617	98.39613
735.955	98.20844
736.293	97.76215
736.631	97.91161
736.969	97.27177
737.307	97.35987
737.645	97.24177
737.982	97.40629
738.32	97.18093
738.658	97.72528
738.995	97.68271
739.333	98.39368
739.67	98.46305
740.008	98.62231
740.345	98.91467
740.682	98.5034
741.019	99.02565
741.357	98.74478
741.694	99.00768
742.031	99.12519
742.368	98.29851
742.705	98.43171
743.042	97.98774
743.379	97.62683
743.716	97.49184
744.052	97.57787
744.389	97.60803
744.726	97.12747
745.062	96.99814
745.399	97.10095
745.735	97.26374
746.072	96.92728
746.408	96.77997
746.745	97.26716
747.081	97.16942
747.417	97.30417
747.753	97.86244
748.089	97.79174
748.426	98.1734
748.762	98.06229
749.098	98.44448
749.433	98.80826
749.769	98.74612
750.105	98.9255
750.441	98.82974
750.777	99.07187
751.112	98.69494
751.448	98.31042
751.783	98.35586
752.119	97.87446
752.454	98.04205
752.79	98.0724
753.125	97.67266
753.46	97.98536
753.796	97.88672
754.131	98.06678
754.466	97.65338
754.801	98.34266
755.136	98.07251
755.471	97.49119
755.806	97.41617
756.141	96.44555
756.476	95.98444
756.81	95.88249
757.145	95.32025
757.48	95.24035
757.814	95.49993
758.149	95.14482
758.483	96.27177
758.818	95.92308
759.152	95.48062
759.487	94.62228
759.821	93.12807
760.155	91.37569
760.489	89.42693
760.823	88.00273
761.157	86.3881
761.491	84.91873
761.825	81.11333
762.159	74.58188
762.493	65.38126
762.827	54.21695
763.161	43.31703
763.494	33.17202
763.828	24.80217
764.162	18.17716
764.495	13.27187
764.829	9.70949
765.162	6.84366
765.495	5.02787
765.829	3.75936
766.162	2.78303
766.495	2.26761
766.828	1.91347
767.161	1.69639
767.495	1.45526
767.828	1.21794
768.16	1.33507
768.493	1.16588
768.826	1.17619
769.159	1.04098
769.492	0.90907
769.824	0.97048
770.157	0.89458
770.49	0.95626
770.822	0.92314
771.155	0.87442
771.487	0.89044
771.819	0.8556
772.152	0.89324
772.484	0.80001
772.816	0.80373
773.148	0.81577
773.48	0.84338
773.812	0.94694
774.144	0.89951
774.476	0.84014
774.808	0.84168
775.14	0.81176
775.472	0.72661
775.803	0.83226
776.135	0.77424
776.467	0.81637
776.798	0.83908
777.13	0.79989
777.461	0.80082
777.793	0.81636
778.124	0.75513
778.455	0.7998
778.786	0.81917
779.118	0.83032
779.449	0.84215
779.78	0.83594
780.111	0.85786
780.442	0.76779
780.773	0.83379
781.104	0.86023
781.434	0.86802
781.765	0.84813
782.096	0.93356
782.426	0.85179
782.757	0.92741
783.088	0.82789
783.418	0.86833
783.749	0.85726
784.079	0.86479
784.409	0.87118
784.739	0.8859
785.07	0.86792
785.4	0.86823
785.73	0.89189
786.06	0.82344
786.39	0.91369
786.72	0.90547
787.05	0.91424
787.38	0.81727
787.709	0.93229
788.039	0.86918
788.369	0.81026
788.698	0.82596
789.028	0.87661
789.358	0.8669
789.687	0.89142
790.016	0.91585
790.346	0.91002
790.675	0.92624
791.004	0.88889
791.334	0.91798
791.663	0.9863
791.992	0.98865
792.321	0.93694
792.65	1.00093
792.979	1.00136
793.308	0.98855
793.636	0.95036
793.965	0.974
794.294	1.05025
794.622	0.98553
794.951	1.05053
795.28	0.98971
795.608	1.02933
795.936	1.09421
796.265	1.03831
796.593	1.00021
796.921	1.10871
797.25	1.13864
797.578	1.14932
797.906	1.20759
798.234	1.22131
798.562	1.2395
798.89	1.36375
799.218	1.34278
799.546	1.45476
799.873	1.48512
800.201	1.56482
800.529	1.81032
800.857	1.75392
801.184	1.96106
801.512	2.09607
801.839	2.26123
802.166	2.47205
802.494	2.80016
802.821	3.08197
803.148	3.37358
803.476	3.79952
803.803	4.45357
804.13	5.30477
804.457	6.33477
804.784	7.92427
805.111	10.43138
805.438	14.28367
805.764	20.29537
806.091	28.11614
806.418	37.66268
806.744	47.42709
807.071	56.86101
807.398	64.86877
807.724	71.47129
808.051	76.66364
808.377	80.81407
808.703	83.75797
809.03	87.08535
809.356	89.89129
809.682	92.05077
810.008	93.84395
810.334	94.70055
810.66	95.43053
810.986	95.6109
811.312	95.81379
811.638	95.59382
811.964	96.09534
812.289	95.69644
812.615	95.61681
812.941	95.7599
813.266	96.14814
813.592	96.45086
813.917	96.5906
814.242	97.38283
814.568	97.52426
814.893	98.25085
815.218	98.05053
815.543	98.38769
815.869	98.14352
816.194	98.02965
816.519	97.8127
816.844	97.75528
817.169	97.29561
817.493	97.0584
817.818	97.57027
818.143	97.37906
818.468	97.58405
818.792	97.43382
819.117	97.84863
819.441	97.93194
819.766	97.89468
820.09	98.39038
820.415	98.22049
820.739	98.75253
821.063	98.65407
821.387	98.11009
821.712	97.78088
822.036	97.75178
822.36	97.37513
822.684	97.47127
823.008	97.10832
823.332	96.72484
823.655	96.41202
823.979	96.77033
824.303	96.66632
824.626	96.50126
824.95	96.47433
825.274	96.74288
825.597	96.89534
825.921	97.2396
826.244	97.90844
826.567	97.50333
826.891	98.16543
827.214	98.11157
827.537	98.03593
827.86	98.32834
828.183	97.74607
828.506	97.8023
828.829	97.55412
829.152	97.48273
829.475	96.8634
829.798	96.56503
830.12	95.98098
830.443	95.67926
830.766	95.24728
831.088	95.15319
831.411	95.05794
831.733	95.18817
832.056	95.31576
832.378	95.81901
832.7	95.48404
833.022	95.98439
833.345	96.47152
833.667	96.7395
833.989	97.46004
834.311	98.0512
834.633	98.14506
834.955	98.16996
835.276	98.91102
835.598	98.25327
835.92	98.57404
836.242	98.7526
836.563	98.19009
836.885	97.9801
837.206	97.92601
837.528	98.13431
837.849	96.87975
838.171	96.93706
838.492	96.63278
838.813	96.67624
839.134	96.00804
839.456	96.08
839.777	96.21203
840.098	96.31804
840.419	96.60325
840.74	96.71365
841.06	96.48984
841.381	96.99987
841.702	97.47323
842.023	97.20739
842.343	97.60445
842.664	98.35642
842.984	98.77575
843.305	98.61111
843.625	98.21997
843.946	98.48635
844.266	98.32962
844.586	97.92007
844.906	98.42924
845.227	98.04172
845.547	97.79586
845.867	97.53091
846.187	97.35488
846.507	97.11265
846.827	96.64528
847.146	96.38782
847.466	96.38432
847.786	96.16434
848.105	96.45742
848.425	96.24421
848.745	96.31292
849.064	96.01526
849.384	96.69377
849.703	96.39114
850.022	97.11139
850.342	97.32239
850.661	97.27615
850.98	97.70296
851.299	97.74488
851.618	98.1805
851.937	98.20593
852.256	98.10243
852.575	99.10344
852.894	98.75446
853.212	98.8552
853.531	98.60252
853.85	98.87816
854.168	98.77907
854.487	98.92472
854.805	98.63873
855.124	98.33961
855.442	98.54557
855.761	98.10675
856.079	97.92874
856.397	98.34457
856.715	98.21471
857.033	98.23698
857.351	98.57686
857.669	98.57532
857.987	98.59863
858.305	98.49836
858.623	98.61647
858.941	98.7523
859.259	98.70817
859.576	98.76486
859.894	98.92919
860.211	98.75201
860.529	98.42652
860.846	98.25797
861.164	99.09687
861.481	98.37938
861.798	98.2907
862.116	97.98601
862.433	98.4063
862.75	98.32002
863.067	97.97169
863.384	97.73275
863.701	97.43869
864.018	97.47356
864.335	96.95725
864.651	97.55028
864.968	97.6497
865.285	97.86661
865.601	97.10394
865.918	97.3884
866.234	97.23787
866.551	97.36752
866.867	97.50166
867.184	97.62689
867.5	97.87749
867.816	97.53818
868.132	97.91894
868.448	97.96223
868.764	98.37115
869.08	98.24571
869.396	98.00115
869.712	98.73039
870.028	98.27165
870.344	98.2362
870.66	98.3597
870.975	98.61388
871.291	98.13734
871.606	97.94214
871.922	97.60474
872.237	97.82958
872.553	97.75776
872.868	97.91677
873.183	97.53714
873.499	97.53475
873.814	97.40473
874.129	97.33725
874.444	97.47865
874.759	97.53082
875.074	97.64633
875.389	97.47677
875.704	97.96107
876.018	97.71849
876.333	97.64853
876.648	97.80799
876.962	97.84238
877.277	97.68551
877.591	97.99043
877.906	98.35724
878.22	97.77486
878.534	98.25932
878.849	98.29153
879.163	98.18435
879.477	97.99795
879.791	98.51743
880.105	98.26806
880.419	98.40372
880.733	97.83722
881.047	98.55527
881.361	98.03419
881.675	98.74524
881.988	98.43366
882.302	98.26662
882.616	98.54678
882.929	98.58128
883.243	98.30155
883.556	98.44546
883.87	98.58246
884.183	98.66457
884.496	98.82545
884.809	98.80644
885.123	98.66827
885.436	99.0877
885.749	98.83992
886.062	98.9181
886.375	98.34221
886.687	98.71999
887	98.83263
887.313	98.43118
887.626	98.38711
887.938	98.16857
888.251	98.30189
888.564	98.31653
888.876	98.31721
889.188	97.94748
889.501	98.09902
889.813	97.92956
890.125	97.88703
890.438	97.63284
890.75	97.83576
891.062	98.25966
891.374	98.13778
891.686	98.10804
891.998	98.23504
892.31	97.75732
892.622	98.08675
892.933	98.28396
893.245	98.15852
893.557	98.0941
893.868	98.30888
894.18	98.61927
894.491	98.41636
894.803	98.57813
895.114	98.95626
895.425	99.13691
895.737	99.0737
896.048	99.07569
896.359	98.74286
896.67	99.03379
896.981	99.04534
897.292	99.00277
897.603	98.85641
897.914	98.79424
898.225	98.41425
898.535	98.4888
898.846	98.01498
899.157	98.03343
899.467	97.91991
899.778	97.35695
900.088	97.36889
900.399	97.73255
900.709	97.3018
901.019	97.4585
901.329	97.57994
901.64	97.36499
901.95	97.15357
902.26	97.43112
902.57	97.20844
902.88	97.0324
903.19	97.73588
903.5	97.60413
903.809	97.5852
904.119	97.3032
904.429	97.58077
904.738	97.94693
905.048	98.36548
905.357	97.85138
905.667	98.17579
905.976	98.53687
906.286	99.04077
906.595	98.56077
906.904	98.98491
907.213	98.73812
907.522	99.25357
907.832	98.91303
908.141	98.99825
908.449	99.15619
908.758	99.52845
909.067	99.08097
909.376	99.14017
909.685	99.42776
909.993	99.56823
910.302	98.91465
910.61	99.36855
910.919	99.18657
911.227	98.92818
911.536	99.48104
911.844	99.11527
912.152	99.1581
912.461	99.03397
912.769	99.25523
913.077	99.0237
913.385	99.05024
913.693	99.07027
914.001	98.62353
914.309	98.7792
914.616	98.64394
914.924	98.53446
915.232	98.51397
915.54	98.56302
915.847	98.68456
916.155	98.79365
916.462	98.69336
916.77	98.67878
917.077	98.19566
917.384	98.33228
917.692	98.31034
917.999	98.93839
918.306	98.20804
918.613	98.30345
918.92	98.10867
919.227	98.36458
919.534	98.23179
919.841	98.78326
920.147	98.1583
920.454	98.3123
920.761	98.61896
921.067	98.92765
921.374	98.64729
921.681	98.44498
921.987	98.6065
922.293	98.87767
922.6	98.81565
922.906	99.39316
923.212	99.19775
923.518	99.12757
923.825	99.11484
924.131	99.10898
924.437	99.11397
924.743	99.17375
925.048	98.90915
925.354	99.38041
925.66	99.48579
925.966	99.19055
926.271	99.37643
926.577	99.34214
926.883	99.93956
927.188	99.54329
927.493	99.28335
927.799	99.30166
928.104	99.10205
928.409	99.16936
928.715	98.8725
929.02	99.26822
929.325	99.3563
929.63	99.47947
929.935	99.35179
930.24	99.01306
930.545	98.96471
930.849	99.08112
931.154	99.56587
931.459	98.85966
931.764	99.04588
932.068	98.97807
932.373	99.05649
932.677	99.24558
932.982	99.29051
933.286	99.56861
933.59	99.15958
933.894	99.31285
934.199	99.50957
934.503	99.11553
934.807	99.53584
935.111	99.56376
935.415	99.16011
935.719	99.15355
936.022	99.29238
936.326	99.31298
936.63	99.26902
936.934	99.09233
937.237	98.9004
937.541	98.59042
937.844	98.79287
938.148	98.85395
938.451	98.94907
938.754	98.57086
939.058	98.65966
939.361	98.80911
939.664	98.69933
939.967	98.89509
940.27	98.61699
940.573	98.53365
940.876	98.72239
941.179	98.42358
941.482	98.64816
941.785	98.82697
942.087	99.28117
942.39	98.51025
942.692	98.96235
942.995	98.77921
943.297	99.19543
943.6	98.55672
943.902	99.02754
944.204	98.8033
944.507	99.48469
944.809	99.54488
945.111	99.26291
945.413	99.2384
945.715	99.75622
946.017	99.46075
946.319	99.30162
946.621	99.59867
946.923	99.65545
947.224	99.36601
947.526	100.27867
947.828	99.32779
948.129	99.29878
948.431	99.79289
948.732	99.87181
949.033	99.4639
949.335	98.91779
949.636	99.76906
949.937	99.34204
950.238	99.40254
950.539	99.06846
950.84	98.76996
951.141	98.84742
951.442	99.07636
951.743	99.58444
952.044	99.21363
952.345	98.76224
952.645	98.86533
952.946	99.15819
953.247	98.89675
953.547	98.41657
953.848	98.71278
954.148	98.70954
954.448	98.9942
954.749	99.02552
955.049	98.88276
955.349	98.81814
955.649	98.47232
955.949	99.35027
956.249	99.09606
956.549	98.83482
956.849	98.8821
957.149	98.7346
957.449	99.12012
957.748	99.09379
958.048	98.54869
958.348	99.05832
958.647	98.69157
958.947	99.22621
959.246	98.92976
959.545	99.23465
959.845	99.00844
960.144	99.18481
960.443	99.29565
960.742	99.53112
961.041	99.17702
961.34	99.09734
961.639	99.12616
961.938	99.45851
962.237	98.90926
962.536	99.28004
962.835	98.89355
963.133	99.05242
963.432	98.85951
963.73	98.66417
964.029	99.06067
964.327	98.80569
964.626	99.19626
964.924	98.91694
965.222	98.41899
965.521	98.79201
965.819	98.40423
966.117	98.51341
966.415	98.43969
966.713	98.56415
967.011	98.28702
967.309	98.71667
967.606	98.68719
967.904	98.78684
968.202	98.32263
968.499	98.53913
968.797	98.27042
969.095	98.71668
969.392	98.68922
969.689	98.70372
969.987	98.26748
970.284	98.50103
970.581	98.32717
970.878	98.68824
971.176	98.77892
971.473	98.87861
971.77	99.26663
972.067	98.75191
972.363	98.15441
972.66	98.87612
972.957	98.91895
973.254	99.30877
973.55	99.18067
973.847	98.61726
974.144	99.69758
974.44	99.09162
974.736	99.63483
975.033	99.65946
975.329	99.4569
975.625	100.04053
975.922	99.72377
976.218	99.65441
976.514	99.49717
976.81	99.31848
977.106	99.54814
977.402	99.45259
977.697	99.73103
977.993	99.63737
978.289	99.57817
978.585	99.83799
978.88	99.51057
979.176	99.59201
979.471	99.73569
979.767	99.88405
980.062	99.99632
980.357	99.86356
980.653	99.59225
980.948	99.61978
981.243	99.28521
981.538	99.16113
981.833	99.47563
982.128	99.83512
982.423	99.18138
982.718	99.61528
983.013	99.89516
983.307	99.7408
983.602	99.6552
983.897	99.51437
984.191	99.84987
984.486	99.6394
984.78	99.28955
985.075	99.5132
985.369	99.59026
985.663	99.5159
985.957	99.67455
986.251	99.70704
986.546	99.67514
986.84	99.22316
987.134	99.34741
987.428	99.62368
987.721	99.65026
988.015	99.51361
988.309	99.39352
988.603	99.42084
988.896	99.21591
989.19	99.26529
989.483	99.24566
989.777	99.59541
990.07	99.07956
990.364	98.97541
990.657	99.7809
990.95	99.04736
991.243	99.16977
991.536	98.84028
991.829	99.42185
992.122	99.2236
992.415	98.95212
992.708	98.95263
993.001	99.24492
993.294	98.76727
993.586	99.35636
993.879	98.95221
994.172	99.25593
994.464	98.71718
994.757	98.88945
995.049	99.13013
995.341	98.59497
995.634	98.7041
995.926	99.00096
996.218	99.29456
996.51	99.38645
996.802	98.87577
997.094	98.35989
997.386	98.56478
997.678	99.08788
997.97	98.40246
998.262	98.45905
998.553	98.13979
998.845	98.28934
999.136	98.32805
999.428	98.04716
999.719	97.90898
1000.011	97.96206
1000.302	97.39532
1000.594	97.76053
1000.885	96.94083
1001.176	97.53967
1001.467	96.80154
1001.758	96.58184
1002.049	96.51422
1002.34	96.36969
1002.631	95.46294
1002.922	95.55195
1003.212	95.40382
1003.503	95.4458
1003.794	94.65765
1004.084	94.67568
1004.375	94.27939
1004.665	94.90066
1004.956	94.1196
1005.246	93.95875
1005.536	93.476
1005.827	91.71359
1006.117	90.69627
1006.407	89.08659
1006.697	87.78795
1006.987	84.51718
1007.277	82.07009
1007.567	79.17653
1007.857	75.42228
1008.147	71.37946
1008.436	67.99098
1008.726	63.7825
1009.015	60.44998
1009.305	56.5678
1009.594	52.70423
1009.884	49.34458
1010.173	46.14868
1010.463	42.70953
1010.752	39.35222
1011.041	36.10552
1011.33	33.22526
1011.619	30.48652
1011.908	28.5692
1012.197	25.82906
1012.486	23.71945
1012.775	21.60267
1013.064	19.72909
1013.352	17.9271
1013.641	16.12607
1013.929	14.96712
1014.218	13.51299
1014.506	12.10417
1014.795	11.39215
1015.083	10.36449
1015.372	9.71194
1015.66	8.75736
1015.948	7.89045
1016.236	7.4896
1016.524	7.22724
1016.812	6.44688
1017.1	5.76805
1017.388	5.79602
1017.676	5.29245
1017.964	5.07628
1018.251	4.89399
1018.539	4.34384
1018.827	4.31114
1019.114	4.07729
1019.402	3.58607
1019.689	3.44696
1019.976	3.61602
1020.264	3.3123
1020.551	3.28592
1020.838	2.93247
1021.125	3.21236
1021.412	3.22826
1021.699	3.0138
1021.986	2.36567
1022.273	2.65643
1022.56	2.53834
1022.847	2.54743
1023.133	2.65147
1023.42	2.38178
1023.706	2.46738
1023.993	2.29097
1024.279	2.43256
1024.566	2.46446
1024.852	2.33028
1025.139	2.30761
1025.425	2.20792
1025.711	2.20328
1025.997	2.3053
1026.283	1.86919
1026.569	2.33377
1026.855	1.61985
1027.141	2.28281
1027.427	2.11193
1027.712	1.83553
1027.998	1.92979
1028.284	2.15522
1028.569	1.96304
1028.855	1.89663
1029.14	2.16082
1029.426	1.5732
1029.711	1.79149
1029.996	1.73055
1030.282	2.05852
1030.567	1.3886
1030.852	1.53911
1031.137	1.92246
1031.422	1.61959
1031.707	1.9563
1031.992	1.98978
1032.276	1.83431
1032.561	1.97627
1032.846	2.05341
1033.131	1.77007
1033.415	1.98637
1033.7	2.21445
1033.984	1.83424
1034.268	1.81234
1034.553	1.98542
1034.837	1.985
1035.121	1.52348
1035.405	1.68119
1035.69	1.80033
1035.974	1.69407
1036.258	2.17684
1036.541	2.11838
1036.825	1.68454
1037.109	2.07441
1037.393	1.74302
1037.677	2.22914
1037.96	1.63763
1038.244	1.79081
1038.527	1.97407
1038.811	1.28722
1039.094	1.54337
1039.377	1.98988
1039.661	2.02537
1039.944	1.85428
1040.227	1.49537
1040.51	2.12802
1040.793	1.64506
1041.076	1.76087
1041.359	2.17442
1041.642	2.63378
1041.925	2.31685
