348.233	60.59709
348.623	45.23179
349.013	45.13482
349.403	59.65181
349.793	51.9787
350.183	51.57063
350.573	53.84244
350.963	30.67325
351.353	72.55735
351.743	44.47092
352.133	40.88522
352.522	30.05818
352.912	55.45557
353.301	52.21065
353.691	64.12616
354.081	58.28827
354.47	69.9813
354.859	78.89242
355.249	45.76656
355.638	51.16367
356.027	46.70995
356.417	49.76336
356.806	22.91125
357.195	63.61161
357.584	61.84719
357.973	36.52864
358.362	36.40349
358.751	44.70902
359.14	58.15384
359.529	45.20132
359.918	30.54956
360.307	53.96693
360.695	45.2344
361.084	62.17813
361.473	57.48352
361.861	49.96662
362.25	49.06262
362.638	40.08232
363.027	51.95405
363.415	53.86449
363.803	55.02902
364.192	59.82186
364.58	46.62532
364.968	49.17758
365.356	52.27372
365.745	52.88545
366.133	48.31657
366.521	46.28852
366.909	55.13451
367.297	41.43312
367.685	54.65201
368.073	52.0358
368.46	37.16326
368.848	59.96688
369.236	42.59198
369.624	46.79419
370.011	49.95269
370.399	44.1344
370.786	53.80631
371.174	43.72986
371.561	42.72391
371.949	47.70464
372.336	42.8119
372.723	50.25534
373.111	49.28648
373.498	43.14618
373.885	51.15206
374.272	47.67714
374.659	37.20678
375.046	60.14364
375.433	47.99565
375.82	55.34713
376.207	60.60207
376.594	48.27674
376.981	47.34285
377.368	46.02497
377.754	51.4634
378.141	53.47627
378.528	62.76032
378.914	51.18213
379.301	47.56107
379.687	57.22553
380.074	55.25272
380.46	44.21378
380.846	56.03782
381.233	57.14068
381.619	42.46519
382.005	48.40125
382.391	49.2876
382.778	48.69129
383.164	51.65609
383.55	53.00888
383.936	47.55677
384.322	54.3778
384.707	48.99506
385.093	57.86911
385.479	50.90566
385.865	51.83962
386.251	45.23553
386.636	52.70314
387.022	54.85289
387.407	40.14972
387.793	52.73274
388.178	53.22083
388.564	49.24852
388.949	50.11596
389.335	53.54467
389.72	54.37437
390.105	52.38766
390.49	50.51928
390.875	48.98733
391.261	49.80948
391.646	50.05747
392.031	50.86243
392.416	46.84648
392.801	51.03374
393.185	57.58856
393.57	48.65488
393.955	46.06571
394.34	53.44966
394.725	48.7257
395.109	48.34121
395.494	48.16339
395.878	52.33355
396.263	48.85837
396.647	51.36038
397.032	49.64091
397.416	52.20036
397.8	49.99633
398.185	48.71468
398.569	48.53029
398.953	52.25005
399.337	51.06333
399.721	52.40083
400.105	47.33146
400.489	45.97264
400.873	54.02908
401.257	52.97963
401.641	45.00953
402.025	48.48719
402.409	51.92525
402.792	53.34111
403.176	49.01817
403.56	54.03837
403.943	52.00102
404.327	47.70393
404.71	50.74422
405.094	51.47928
405.477	49.92362
405.861	50.61954
406.244	48.67509
406.627	49.26396
407.01	53.22111
407.393	50.43823
407.777	52.90051
408.16	48.98525
408.543	49.71981
408.926	49.41481
409.309	49.65144
409.691	50.85752
410.074	53.17234
410.457	48.85054
410.84	48.4276
411.223	50.59543
411.605	51.47212
411.988	48.95548
412.37	48.69708
412.753	47.93996
413.135	48.93864
413.518	47.21654
413.9	49.30745
414.283	49.49565
414.665	50.62434
415.047	49.51465
415.429	51.50681
415.811	47.57258
416.193	52.11995
416.576	50.122
416.958	49.73962
417.339	49.09943
417.721	48.92617
418.103	48.83416
418.485	48.78416
418.867	51.30883
419.249	47.86026
419.63	48.75154
420.012	51.53268
420.393	51.23988
420.775	48.44859
421.156	50.59442
421.538	49.37955
421.919	50.47877
422.301	51.03287
422.682	49.82693
423.063	51.2897
423.444	51.58421
423.826	50.85528
424.207	49.63233
424.588	50.02132
424.969	51.07817
425.35	50.35135
425.731	48.18045
426.112	50.32143
426.492	49.98409
426.873	52.1132
427.254	50.95506
427.635	49.12661
428.015	48.82634
428.396	51.3939
428.776	50.56546
429.157	48.78832
429.537	50.94912
429.918	50.0258
430.298	50.48443
430.679	50.6994
431.059	50.56321
431.439	49.22633
431.819	51.03686
432.199	50.36064
432.579	50.08233
432.959	50.34412
433.339	51.81354
433.719	50.85955
434.099	49.35181
434.479	49.9198
434.859	49.40879
435.239	49.6487
435.618	49.82378
435.998	49.02365
436.378	49.44033
436.757	48.76084
437.137	51.04806
437.516	48.70371
437.896	51.00331
438.275	50.26972
438.654	50.35286
439.034	50.04233
439.413	47.92197
439.792	48.34411
440.171	49.47631
440.55	50.26755
440.929	48.7095
441.308	51.15611
441.687	47.67556
442.066	50.73279
442.445	50.10661
442.824	51.4797
443.203	50.524
443.582	49.03785
443.96	50.87494
444.339	50.52619
444.717	51.30409
445.096	47.30446
445.474	50.03478
445.853	49.40592
446.231	51.34508
446.61	49.54102
446.988	49.63432
447.366	48.81143
447.744	50.06092
448.123	49.56617
448.501	49.56681
448.879	50.36937
449.257	51.17722
449.635	50.03726
450.013	50.21595
450.39	49.56013
450.768	49.52973
451.146	48.65103
451.524	48.70622
451.902	48.65445
452.279	49.4454
452.657	50.69513
453.034	49.72968
453.412	50.34308
453.789	49.19358
454.167	49.12468
454.544	50.7431
454.921	49.31135
455.299	50.05699
455.676	51.16073
456.053	49.5272
456.43	49.82347
456.807	50.21923
457.184	50.7407
457.561	49.68927
457.938	49.68618
458.315	49.89186
458.692	49.55889
459.069	49.63486
459.445	50.11148
459.822	49.92125
460.199	49.85359
460.575	49.51708
460.952	49.55822
461.328	50.12972
461.705	49.68479
462.081	49.72959
462.458	49.12659
462.834	50.40234
463.21	50.03011
463.586	50.0565
463.962	48.74005
464.339	49.84227
464.715	49.41517
465.091	48.94656
465.467	49.28338
465.843	49.91358
466.219	48.27503
466.594	50.00425
466.97	49.79988
467.346	48.51985
467.722	48.80171
468.097	49.99109
468.473	50.81268
468.848	49.05449
469.224	49.31094
469.599	50.13467
469.975	49.65786
470.35	48.81134
470.725	49.59832
471.101	49.48851
471.476	48.51877
471.851	49.87116
472.226	50.54345
472.601	48.80406
472.976	50.00222
473.351	49.4709
473.726	49.9632
474.101	48.73813
474.476	48.80579
474.851	49.85319
475.226	49.9425
475.6	49.20305
475.975	49.00813
476.349	49.01096
476.724	49.59519
477.099	49.4148
477.473	49.333
477.847	49.21961
478.222	49.28657
478.596	48.99285
478.97	48.22316
479.345	49.23169
479.719	49.81338
480.093	48.78913
480.467	48.76997
480.841	48.10352
481.215	48.93623
481.589	48.47404
481.963	48.85536
482.337	48.46555
482.71	48.75282
483.084	49.74398
483.458	48.45517
483.831	49.03035
484.205	48.69983
484.579	48.40512
484.952	48.6149
485.326	48.29986
485.699	49.20355
486.072	48.86578
486.446	48.82532
486.819	49.29566
487.192	49.51613
487.565	48.61919
487.938	49.22786
488.311	48.57495
488.684	49.59265
489.057	48.0536
489.43	49.23914
489.803	48.44712
490.176	48.97005
490.549	49.11858
490.922	48.57403
491.294	49.24169
491.667	48.53131
492.04	48.97872
492.412	48.6779
492.785	48.58939
493.157	48.62416
493.529	48.97056
493.902	48.61399
494.274	48.72104
494.646	49.35115
495.019	48.18947
495.391	48.81827
495.763	49.4164
496.135	48.67516
496.507	48.89695
496.879	48.55597
497.251	49.28925
497.623	48.81699
497.994	48.75335
498.366	48.17274
498.738	48.84681
499.11	48.97804
499.481	49.00219
499.853	48.65265
500.224	49.5519
500.596	48.82711
500.967	49.14621
501.339	48.99672
501.71	48.96819
502.081	48.94009
502.453	48.72813
502.824	49.35967
503.195	49.29
503.566	49.3955
503.937	49.13967
504.308	48.73869
504.679	48.17377
505.05	49.16572
505.421	48.91663
505.792	49.01755
506.162	48.86786
506.533	48.67411
506.904	48.7778
507.274	48.89556
507.645	48.64301
508.015	48.53627
508.386	49.36129
508.756	49.31756
509.127	48.78392
509.497	48.90338
509.867	48.77858
510.238	49.60261
510.608	48.80609
510.978	48.66436
511.348	49.07258
511.718	49.14409
512.088	48.85337
512.458	48.81651
512.828	48.77322
513.198	49.12275
513.567	49.00464
513.937	48.88969
514.307	49.2144
514.677	48.59853
515.046	48.70904
515.416	49.17412
515.785	48.29053
516.155	48.45423
516.524	48.81044
516.893	49.02818
517.263	49.22229
517.632	49.85181
518.001	48.8766
518.37	48.99446
518.739	49.17229
519.109	48.9211
519.478	48.89722
519.847	49.15191
520.215	48.86541
520.584	49.18708
520.953	48.9716
521.322	48.76499
521.691	49.01579
522.059	48.98152
522.428	49.11602
522.797	49.11394
523.165	48.43342
523.534	48.81282
523.902	48.91683
524.27	49.0681
524.639	49.21167
525.007	49.16349
525.375	49.15892
525.744	48.49568
526.112	48.40112
526.48	49.10014
526.848	49.24131
527.216	48.94477
527.584	49.14393
527.952	48.84658
528.32	48.9347
528.687	49.36853
529.055	49.09079
529.423	49.09326
529.79	49.06694
530.158	48.9632
530.526	48.88047
530.893	48.56848
531.261	48.74174
531.628	48.81307
531.995	48.9176
532.363	48.78363
532.73	48.64602
533.097	48.50617
533.464	48.71418
533.831	49.01901
534.199	48.98442
534.566	48.74121
534.933	49.03054
535.3	49.0081
535.666	48.6716
536.033	48.97691
536.4	49.38414
536.767	49.33692
537.133	48.63644
537.5	49.00664
537.867	48.40296
538.233	49.15806
538.6	49.62741
538.966	49.2453
539.333	49.46142
539.699	48.56309
540.065	49.51935
540.431	48.52922
540.798	49.34971
541.164	49.12968
541.53	48.66359
541.896	49.12465
542.262	49.00026
542.628	49.30225
542.994	48.59069
543.36	49.10703
543.725	48.85013
544.091	49.01707
544.457	49.11987
544.823	48.30811
545.188	48.9675
545.554	49.16805
545.919	49.10048
546.285	48.91401
546.65	49.07842
547.015	48.92838
547.381	49.52084
547.746	48.83542
548.111	48.67281
548.476	49.03755
548.842	48.82557
549.207	48.98549
549.572	48.96511
549.937	49.06394
550.301	49.44607
550.666	49.29986
551.031	49.36448
551.396	48.78869
551.761	48.72164
552.125	49.14567
552.49	49.25354
552.855	49.21096
553.219	48.76626
553.584	49.54886
553.948	49.043
554.312	48.92935
554.677	49.26285
555.041	49.01872
555.405	49.25034
555.769	48.91535
556.134	48.67078
556.498	48.95766
556.862	49.33538
557.226	48.91302
557.59	48.85529
557.954	49.09277
558.317	48.76702
558.681	48.84529
559.045	49.34771
559.409	49.01984
559.772	48.69182
560.136	49.17741
560.499	48.77179
560.863	48.82799
561.226	48.90672
561.59	48.90421
561.953	49.51373
562.316	49.13345
562.68	49.07323
563.043	48.87007
563.406	49.04871
563.769	48.94152
564.132	48.74203
564.495	48.84546
564.858	48.90779
565.221	49.08278
565.584	49.07987
565.947	48.70529
566.309	48.98263
566.672	49.11049
567.035	48.87647
567.397	49.08156
567.76	48.84922
568.122	48.54444
568.485	48.97133
568.847	48.90305
569.21	48.8325
569.572	48.90176
569.934	48.93602
570.296	48.85441
570.659	48.92296
571.021	48.56254
571.383	48.69476
571.745	48.89529
572.107	48.53302
572.469	48.74911
572.831	49.15097
573.192	48.75003
573.554	48.85563
573.916	49.0463
574.278	48.82384
574.639	48.78008
575.001	49.09454
575.362	48.59729
575.724	49.15639
576.085	49.10553
576.446	48.52159
576.808	48.51287
577.169	49.00067
577.53	49.07763
577.891	48.59678
578.253	48.66779
578.614	48.86577
578.975	48.65259
579.336	49.10803
579.697	48.81763
580.057	48.78483
580.418	48.80777
580.779	48.6591
581.14	48.40728
581.5	48.61908
581.861	48.6949
582.222	48.35949
582.582	48.52898
582.943	49.03635
583.303	49.0984
583.663	48.41276
584.024	48.6572
584.384	48.71077
584.744	48.68935
585.104	48.82209
585.465	48.56528
585.825	48.52415
586.185	48.91296
586.545	48.75074
586.905	48.80747
587.264	48.88966
587.624	48.74227
587.984	48.62827
588.344	48.8398
588.704	49.00871
589.063	48.67479
589.423	48.40483
589.782	49.01461
590.142	48.6021
590.501	48.65234
590.861	48.54473
591.22	48.54409
591.579	48.47313
591.938	48.5432
592.298	48.67911
592.657	48.76118
593.016	48.78951
593.375	48.76998
593.734	48.74478
594.093	48.53071
594.452	48.58683
594.81	48.70347
595.169	48.92214
595.528	48.43754
595.887	48.46745
596.245	48.48106
596.604	48.81214
596.962	48.81011
597.321	48.88365
597.679	48.84997
598.038	48.63466
598.396	48.74639
598.754	48.92168
599.113	48.79052
599.471	48.90583
599.829	48.80727
600.187	48.39924
600.545	48.66491
600.903	48.72496
601.261	48.7575
601.619	48.6885
601.977	48.51557
602.334	48.72343
602.692	48.42552
603.05	48.5316
603.407	48.72397
603.765	48.61624
604.123	48.82147
604.48	48.48206
604.837	48.68942
605.195	48.51955
605.552	48.84168
605.909	48.58735
606.267	48.86718
606.624	48.58944
606.981	48.4282
607.338	48.72042
607.695	48.65795
608.052	48.59114
608.409	48.70769
608.766	48.70125
609.123	48.73482
609.48	48.31477
609.836	48.44073
610.193	48.63868
610.55	48.78617
610.906	48.61928
611.263	48.95728
611.619	48.59539
611.976	48.58659
612.332	48.69752
612.688	48.37125
613.045	48.6079
613.401	48.47234
613.757	48.70551
614.113	48.55524
614.469	48.8197
614.825	48.68498
615.181	48.68119
615.537	48.40176
615.893	48.7569
616.249	48.51522
616.605	48.50399
616.96	48.67878
617.316	48.51676
617.672	48.61624
618.027	48.52584
618.383	48.53479
618.738	48.70521
619.094	48.71795
619.449	48.57877
619.804	48.4184
620.16	48.37154
620.515	48.8346
620.87	48.57166
621.225	48.80125
621.58	48.57988
621.935	48.61901
622.29	48.45487
622.645	48.40192
623	48.75669
623.355	48.57856
623.709	48.48902
624.064	48.42432
624.419	48.50645
624.773	48.54178
625.128	48.3077
625.483	48.39978
625.837	48.69945
626.191	48.59588
626.546	48.18576
626.9	48.53455
627.254	48.47535
627.609	48.52456
627.963	48.76354
628.317	48.98098
628.671	48.42768
629.025	48.69943
629.379	48.47216
629.733	48.33328
630.087	48.52016
630.44	48.63248
630.794	48.12651
631.148	48.62583
631.501	48.41467
631.855	48.33711
632.209	48.59617
632.562	48.49008
632.916	48.29999
633.269	48.19393
633.622	48.60282
633.976	48.52543
634.329	48.66891
634.682	48.60563
635.035	48.21571
635.388	48.34239
635.741	48.79603
636.094	48.6306
636.447	48.50774
636.8	48.65797
637.153	48.50194
637.506	48.46926
637.859	48.65212
638.211	48.5751
638.564	48.3377
638.916	48.50162
639.269	48.50564
639.621	48.38114
639.974	48.32227
640.326	48.57798
640.679	48.45366
641.031	48.49125
641.383	48.51398
641.735	48.77346
642.087	48.5066
642.44	48.37787
642.792	48.41266
643.144	48.28718
643.495	48.45115
643.847	48.60729
644.199	48.45107
644.551	48.88074
644.903	48.40122
645.254	48.3964
645.606	48.44257
645.958	48.61623
646.309	48.29995
646.661	48.51428
647.012	48.6087
647.363	48.85929
647.715	48.53067
648.066	48.56945
648.417	48.56244
648.768	48.55726
649.119	48.56142
649.47	48.42462
649.821	48.75503
650.172	48.42959
650.523	48.62951
650.874	48.37763
651.225	48.70467
651.576	48.61908
651.926	48.40847
652.277	48.34974
652.628	48.50138
652.978	48.39499
653.329	48.4704
653.679	48.51911
654.03	48.7742
654.38	48.42354
654.73	48.18086
655.08	48.55856
655.431	48.36445
655.781	48.51851
656.131	48.57185
656.481	48.4466
656.831	48.88214
657.181	48.68591
657.531	48.5791
657.881	48.50524
658.23	48.63645
658.58	48.3823
658.93	48.72359
659.279	48.53938
659.629	48.54649
659.979	48.74147
660.328	48.6552
660.677	48.62269
661.027	48.50742
661.376	48.31394
661.725	48.54566
662.075	48.60242
662.424	48.76176
662.773	48.21337
663.122	48.45568
663.471	48.50227
663.82	48.60622
664.169	48.47255
664.518	48.45522
664.867	48.5079
665.215	48.6387
665.564	48.22937
665.913	48.7554
666.261	48.65872
666.61	48.34527
666.958	48.69459
667.307	48.5496
667.655	48.62711
668.003	48.37024
668.352	48.47577
668.7	48.68204
669.048	48.71156
669.396	48.39438
669.744	48.32368
670.092	48.6254
670.44	48.53644
670.788	48.61171
671.136	48.59324
671.484	48.63319
671.832	48.63504
672.18	48.57573
672.527	48.66143
672.875	48.82734
673.223	48.77901
673.57	48.46229
673.918	48.61609
674.265	48.67545
674.612	48.3663
674.96	48.65718
675.307	48.3447
675.654	48.5282
676.001	48.59074
676.348	48.54654
676.695	48.82121
677.042	48.1856
677.389	48.52237
677.736	48.48494
678.083	48.01899
678.43	48.55155
678.777	48.14814
679.123	48.2847
679.47	48.46418
679.817	48.29053
680.163	48.34222
680.51	48.4651
680.856	48.29468
681.203	48.39493
681.549	48.25018
681.895	48.53939
682.241	48.2765
682.588	48.42845
682.934	48.26746
683.28	48.40943
683.626	48.40782
683.972	48.33117
684.318	48.11875
684.664	48.45892
685.009	48.22624
685.355	48.3857
685.701	48.1848
686.047	48.17108
686.392	48.45125
686.738	48.80227
687.083	48.29461
687.429	48.22425
687.774	48.32757
688.12	48.10059
688.465	48.6462
688.81	48.18544
689.155	48.57005
689.5	48.53362
689.846	48.3503
690.191	48.53242
690.536	48.36633
690.88	48.45028
691.225	48.14029
691.57	48.14417
691.915	48.33807
692.26	48.04899
692.604	48.29263
692.949	48.4598
693.294	48.23116
693.638	48.28209
693.983	48.56666
694.327	48.18276
694.671	48.36972
695.016	48.33794
695.36	48.4603
695.704	48.21599
696.048	48.467
696.393	48.28718
696.737	48.44317
697.081	48.67721
697.425	48.30728
697.768	48.12283
698.112	48.08355
698.456	48.14114
698.8	48.35098
699.144	48.31076
699.487	48.45024
699.831	48.44186
700.174	48.29739
700.518	48.33756
700.861	48.30374
701.205	48.44297
701.548	48.35504
701.891	48.28118
702.234	48.25187
702.578	48.27002
702.921	48.14964
703.264	48.3833
703.607	48.39902
703.95	48.26646
704.293	48.23763
704.636	48.35074
704.978	48.34675
705.321	48.63826
705.664	48.53502
706.007	48.28875
706.349	48.08657
706.692	48.56086
707.034	48.14736
707.377	48.43805
707.719	48.4009
708.061	48.23209
708.404	48.29855
708.746	48.40833
709.088	48.35768
709.43	48.25034
709.772	48.45171
710.114	48.44318
710.456	48.21983
710.798	48.25312
711.14	48.20033
711.482	48.08375
711.824	48.22473
712.165	48.2677
712.507	48.32813
712.849	48.49091
713.19	48.48631
713.532	48.47713
713.873	48.19169
714.215	48.3256
714.556	48.23158
714.897	48.26747
715.238	48.26841
715.58	48.19063
715.921	48.20854
716.262	48.32653
716.603	48.15825
716.944	48.39322
717.285	48.2669
717.626	48.38052
717.967	48.12614
718.307	48.28275
718.648	48.25799
718.989	48.24869
719.329	48.23313
719.67	48.31751
720.01	47.98097
720.351	48.02488
720.691	48.14078
721.032	48.30367
721.372	47.95639
721.712	47.97344
722.052	48.2047
722.393	48.2393
722.733	48.24619
723.073	48.04358
723.413	47.9685
723.753	48.0593
724.092	48.20439
724.432	48.30743
724.772	48.1236
725.112	48.03876
725.451	48.41611
725.791	48.18257
726.131	48.08892
726.47	48.32533
726.81	48.25123
727.149	48.09565
727.488	48.06387
727.828	48.19021
728.167	48.15814
728.506	48.18574
728.845	48.08377
729.184	48.29435
729.523	47.82085
729.862	48.00615
730.201	48.1668
730.54	48.15095
730.879	47.91259
731.218	47.8556
731.557	48.0048
731.895	47.97416
732.234	47.94574
732.572	48.05421
732.911	47.98939
733.249	48.0902
733.588	48.28398
733.926	47.88557
734.264	48.15168
734.603	48.09705
734.941	48.06724
735.279	48.25045
735.617	48.24477
735.955	48.13912
736.293	48.06763
736.631	48.21104
736.969	47.82571
737.307	47.97037
737.645	48.1136
737.982	47.90397
738.32	47.95731
738.658	47.91158
738.995	48.1269
739.333	48.22496
739.67	48.27697
740.008	48.07744
740.345	47.9055
740.682	48.12034
741.019	47.95762
741.357	48.07481
741.694	48.03714
742.031	47.91694
742.368	47.88607
742.705	47.86704
743.042	48.09932
743.379	48.08204
743.716	47.90132
744.052	48.07984
744.389	48.05401
744.726	48.14699
745.062	48.14764
745.399	48.29238
745.735	47.82602
746.072	48.18419
746.408	48.14382
746.745	48.15313
747.081	47.81262
747.417	48.10034
747.753	47.77043
748.089	47.80881
748.426	48.04103
748.762	48.0049
749.098	47.92539
749.433	48.27227
749.769	47.84962
750.105	47.8084
750.441	48.0766
750.777	47.88194
751.112	47.90244
751.448	48.02257
751.783	48.0329
752.119	47.90752
752.454	47.92394
752.79	48.01112
753.125	47.88534
753.46	48.02007
753.796	47.96234
754.131	47.84498
754.466	48.32273
754.801	48.11421
755.136	47.91598
755.471	47.85287
755.806	47.87755
756.141	47.98589
756.476	47.88304
756.81	48.07413
757.145	48.07284
757.48	48.06693
757.814	48.07737
758.149	47.82818
758.483	47.75874
758.818	48.21484
759.152	47.99326
759.487	48.10224
759.821	47.93949
760.155	47.88351
760.489	47.91758
760.823	48.18203
761.157	48.0746
761.491	48.09685
761.825	48.00259
762.159	48.13193
762.493	47.93113
762.827	47.81192
763.161	47.995
763.494	47.87423
763.828	47.83572
764.162	48.04483
764.495	47.95325
764.829	47.83327
765.162	47.63437
765.495	48.06091
765.829	47.96683
766.162	47.88986
766.495	47.86048
766.828	48.17382
767.161	47.70742
767.495	47.98485
767.828	47.97827
768.16	48.19066
768.493	47.84188
768.826	47.81813
769.159	48.03457
769.492	48.01452
769.824	48.07449
770.157	47.9178
770.49	47.96012
770.822	47.95128
771.155	48.0875
771.487	47.7984
771.819	47.79179
772.152	48.06603
772.484	47.7276
772.816	47.88831
773.148	47.87007
773.48	47.75174
773.812	47.93613
774.144	48.1228
774.476	48.05747
774.808	47.9603
775.14	47.92714
775.472	47.85877
775.803	47.87269
776.135	47.89646
776.467	47.94035
776.798	48.15491
777.13	48.14133
777.461	47.78943
777.793	48.25295
778.124	48.05123
778.455	48.14711
778.786	47.85667
779.118	48.11718
779.449	48.09425
779.78	48.00137
780.111	47.96825
780.442	47.9071
780.773	47.97616
781.104	48.18426
781.434	48.17643
781.765	48.20624
782.096	48.04178
782.426	48.0603
782.757	48.05549
783.088	47.91638
783.418	48.0855
783.749	47.88538
784.079	48.2604
784.409	48.05476
784.739	48.04214
785.07	48.08715
785.4	47.98433
785.73	47.81486
786.06	48.15092
786.39	48.26182
786.72	48.03503
787.05	48.10793
787.38	47.9093
787.709	48.12818
788.039	47.93821
788.369	48.03062
788.698	47.81636
789.028	48.18806
789.358	47.85669
789.687	48.03563
790.016	47.97456
790.346	48.32337
790.675	48.23897
791.004	47.85439
791.334	47.84828
791.663	47.91539
791.992	47.92726
792.321	48.22488
792.65	48.25515
792.979	48.34922
793.308	47.91684
793.636	47.99367
793.965	47.9486
794.294	48.08666
794.622	48.04511
794.951	48.09571
795.28	48.13356
795.608	48.05072
795.936	48.02694
796.265	48.01574
796.593	48.28591
796.921	48.32195
797.25	48.14707
797.578	48.13594
797.906	48.0574
798.234	48.04219
798.562	48.26685
798.89	48.04429
799.218	48.10607
799.546	48.06493
799.873	48.1517
800.201	47.97154
800.529	48.21205
800.857	48.23526
801.184	48.06019
801.512	47.90977
801.839	48.0516
802.166	47.93265
802.494	47.95999
802.821	48.10485
803.148	47.8336
803.476	48.2759
803.803	48.15422
804.13	48.16382
804.457	48.09746
804.784	48.10403
805.111	47.96723
805.438	47.95217
805.764	47.93946
806.091	47.97593
806.418	47.98818
806.744	48.3373
807.071	47.99158
807.398	47.90957
807.724	48.08318
808.051	48.17523
808.377	48.02389
808.703	48.18967
809.03	48.12355
809.356	48.17988
809.682	48.02892
810.008	47.99191
810.334	48.04657
810.66	47.97052
810.986	48.05465
811.312	47.99707
811.638	48.17553
811.964	47.95219
812.289	47.9403
812.615	48.13484
812.941	48.01826
813.266	48.17878
813.592	47.94919
813.917	48.03152
814.242	48.07836
814.568	47.98207
814.893	48.07667
815.218	48.09298
815.543	47.90204
815.869	48.16362
816.194	48.21053
816.519	48.31988
816.844	48.10986
817.169	48.03809
817.493	48.05421
817.818	48.09495
818.143	48.28492
818.468	48.18687
818.792	47.92561
819.117	48.17651
819.441	48.11577
819.766	48.21842
820.09	48.20733
820.415	48.29632
820.739	47.96629
821.063	48.05372
821.387	48.2685
821.712	47.75445
822.036	48.1557
822.36	47.94885
822.684	48.07362
823.008	48.11609
823.332	48.20695
823.655	47.92505
823.979	48.32927
824.303	48.21035
824.626	48.33812
824.95	48.32507
825.274	48.32887
825.597	48.18962
825.921	48.3787
826.244	47.94553
826.567	48.17455
826.891	48.28042
827.214	48.09508
827.537	48.12977
827.86	47.96445
828.183	48.22412
828.506	48.26594
828.829	48.22631
829.152	48.28939
829.475	48.25553
829.798	48.00566
830.12	48.1072
830.443	48.0337
830.766	47.9768
831.088	48.21994
831.411	48.12186
831.733	48.0759
832.056	48.09442
832.378	48.3051
832.7	48.48278
833.022	48.18096
833.345	48.27598
833.667	48.15526
833.989	48.37048
834.311	48.1866
834.633	48.31708
834.955	48.31603
835.276	48.04315
835.598	48.27323
835.92	48.4364
836.242	48.25055
836.563	48.23748
836.885	48.09621
837.206	48.27783
837.528	48.4514
837.849	48.22918
838.171	48.42198
838.492	48.23032
838.813	48.08772
839.134	48.08745
839.456	48.17256
839.777	48.13631
840.098	48.27014
840.419	48.30214
840.74	48.24692
841.06	48.24857
841.381	48.41423
841.702	48.45698
842.023	48.31544
842.343	48.41698
842.664	48.3358
842.984	48.50571
843.305	48.3986
843.625	48.23772
843.946	48.487
844.266	48.18401
844.586	48.17575
844.906	48.27255
845.227	48.30461
845.547	48.28995
845.867	48.44265
846.187	48.14267
846.507	48.28293
846.827	48.22699
847.146	48.33795
847.466	48.61302
847.786	48.41174
848.105	48.41276
848.425	48.25721
848.745	48.35182
849.064	48.24862
849.384	48.41345
849.703	48.21421
850.022	48.3745
850.342	48.24501
850.661	48.09353
850.98	48.30446
851.299	48.34169
851.618	48.16532
851.937	48.3219
852.256	48.10139
852.575	48.26627
852.894	48.2647
853.212	48.22786
853.531	48.38509
853.85	48.18677
854.168	48.20281
854.487	48.22244
854.805	48.27336
855.124	48.01319
855.442	48.32674
855.761	48.44358
856.079	48.26987
856.397	48.17194
856.715	48.49391
857.033	48.14702
857.351	48.19833
857.669	48.19261
857.987	48.51652
858.305	48.45254
858.623	48.31302
858.941	48.24953
859.259	48.42595
859.576	48.47612
859.894	48.21153
860.211	48.29613
860.529	48.27149
860.846	48.38173
861.164	48.20993
861.481	48.33548
861.798	48.40422
862.116	48.34009
862.433	48.39019
862.75	48.44098
863.067	48.08738
863.384	48.10417
863.701	48.38028
864.018	48.21334
864.335	48.15475
864.651	48.40768
864.968	48.18864
865.285	48.20373
865.601	48.31823
865.918	48.37388
866.234	48.47281
866.551	48.50406
866.867	48.31232
867.184	48.25549
867.5	48.40163
867.816	48.23472
868.132	48.1827
868.448	48.30985
868.764	48.28364
869.08	48.47495
869.396	48.40052
869.712	48.2274
870.028	48.39371
870.344	48.19723
870.66	48.24838
870.975	48.29153
871.291	48.58732
871.606	48.48609
871.922	48.23582
872.237	48.39809
872.553	48.24652
872.868	48.50921
873.183	48.32194
873.499	48.45401
873.814	48.22718
874.129	48.59141
874.444	48.5765
874.759	48.28776
875.074	48.49439
875.389	48.55552
875.704	48.33955
876.018	48.51188
876.333	48.34623
876.648	48.34147
876.962	48.30623
877.277	48.22241
877.591	48.37923
877.906	48.36194
878.22	48.29621
878.534	48.3417
878.849	48.41094
879.163	48.28651
879.477	48.3399
879.791	48.48595
880.105	48.57652
880.419	48.13512
880.733	48.46008
881.047	48.42194
881.361	48.481
881.675	48.44533
881.988	48.24838
882.302	48.5378
882.616	48.02358
882.929	48.33324
883.243	48.41281
883.556	48.25843
883.87	48.58161
884.183	48.28593
884.496	48.27506
884.809	48.52966
885.123	48.48309
885.436	48.21229
885.749	48.31373
886.062	48.19269
886.375	48.24747
886.687	48.4138
887	48.44343
887.313	48.39924
887.626	48.20757
887.938	48.3265
888.251	48.44638
888.564	48.21769
888.876	48.34483
889.188	48.44855
889.501	48.27537
889.813	48.40644
890.125	48.47268
890.438	48.28754
890.75	48.22378
891.062	48.05955
891.374	48.18052
891.686	48.14011
891.998	48.26946
892.31	48.37622
892.622	48.20992
892.933	48.43822
893.245	48.34831
893.557	48.4095
893.868	48.30268
894.18	48.08711
894.491	48.29054
894.803	48.26822
895.114	48.24941
895.425	48.17778
895.737	48.27601
896.048	47.96544
896.359	48.27275
896.67	48.16047
896.981	48.29589
897.292	48.14304
897.603	48.3366
897.914	48.10394
898.225	48.21588
898.535	48.20568
898.846	48.30273
899.157	48.0764
899.467	48.29935
899.778	48.17367
900.088	48.24933
900.399	48.28839
900.709	48.40119
901.019	48.15692
901.329	48.24916
901.64	48.28753
901.95	48.42951
902.26	48.29444
902.57	48.2283
902.88	48.07794
903.19	48.05506
903.5	48.29728
903.809	48.2438
904.119	48.20619
904.429	48.22385
904.738	48.21956
905.048	47.96909
905.357	48.12703
905.667	48.0419
905.976	48.22958
906.286	48.0757
906.595	47.97079
906.904	47.98701
907.213	48.23192
907.522	48.03765
907.832	48.05325
908.141	48.01185
908.449	48.05854
908.758	47.99363
909.067	48.154
909.376	48.02256
909.685	48.23993
909.993	47.94722
910.302	48.0957
910.61	47.93708
910.919	48.04322
911.227	47.87996
911.536	47.83648
911.844	48.00282
912.152	47.92999
912.461	47.81333
912.769	48.25593
913.077	47.88873
913.385	47.65266
913.693	48.06446
914.001	47.84964
914.309	47.84912
914.616	47.81718
914.924	47.91451
915.232	47.88693
915.54	48.14794
915.847	47.90491
916.155	47.9178
916.462	47.93067
916.77	48.02898
917.077	47.75473
917.384	48.04228
917.692	48.03069
917.999	47.94998
918.306	47.98238
918.613	47.87006
918.92	47.8576
919.227	47.8471
919.534	47.71393
919.841	47.65308
920.147	47.93589
920.454	47.91509
920.761	47.74289
921.067	47.85743
921.374	47.74411
921.681	47.82693
921.987	47.91544
922.293	47.62819
922.6	47.66856
922.906	47.98091
923.212	47.88439
923.518	47.55549
923.825	47.82929
924.131	47.8893
924.437	47.81093
924.743	47.71897
925.048	47.72522
925.354	47.46554
925.66	47.5998
925.966	47.631
926.271	47.59984
926.577	47.59433
926.883	47.54817
927.188	47.79276
927.493	47.63921
927.799	47.50703
928.104	47.63688
928.409	47.86662
928.715	47.71757
929.02	47.70204
929.325	47.63348
929.63	47.75508
929.935	47.57768
930.24	47.70713
930.545	47.82886
930.849	47.65993
931.154	47.6746
931.459	47.80125
931.764	47.75922
932.068	47.71639
932.373	47.52967
932.677	47.76984
932.982	47.53224
933.286	47.87628
933.59	47.61366
933.894	47.72773
934.199	47.6244
934.503	47.60436
934.807	47.67959
935.111	47.64052
935.415	47.80345
935.719	47.45544
936.022	47.52783
936.326	47.50294
936.63	47.2691
936.934	47.45604
937.237	47.59061
937.541	47.48012
937.844	47.59139
938.148	47.68898
938.451	47.62775
938.754	47.78581
939.058	47.54093
939.361	47.59087
939.664	47.43296
939.967	47.36894
940.27	47.50265
940.573	47.33872
940.876	47.57011
941.179	47.45801
941.482	47.55338
941.785	47.84167
942.087	47.73589
942.39	47.44444
942.692	47.25416
942.995	47.56872
943.297	47.65936
943.6	47.56522
943.902	47.62089
944.204	47.37151
944.507	47.35777
944.809	47.58022
945.111	47.51315
945.413	47.5975
945.715	47.65598
946.017	47.49134
946.319	47.34879
946.621	47.42499
946.923	47.62047
947.224	47.65061
947.526	47.37307
947.828	47.5643
948.129	47.45878
948.431	47.34338
948.732	47.75589
949.033	47.42826
949.335	47.4701
949.636	47.2583
949.937	47.41897
950.238	47.41759
950.539	47.33231
950.84	47.21797
951.141	47.47736
951.442	47.56013
951.743	47.60518
952.044	47.27832
952.345	47.44621
952.645	47.45091
952.946	47.64653
953.247	47.55281
953.547	47.25071
953.848	47.16923
954.148	47.4803
954.448	47.70157
954.749	47.34816
955.049	47.38472
955.349	47.54479
955.649	47.18566
955.949	47.38749
956.249	47.58042
956.549	47.43905
956.849	47.29372
957.149	47.39915
957.449	47.45717
957.748	47.44783
958.048	47.29275
958.348	47.23223
958.647	47.53947
958.947	47.32626
959.246	47.29829
959.545	47.29329
959.845	47.19988
960.144	47.40566
960.443	47.59745
960.742	47.19665
961.041	47.39242
961.34	47.29561
961.639	47.539
961.938	47.41992
962.237	47.46894
962.536	47.45295
962.835	47.52167
963.133	47.54709
963.432	47.51417
963.73	47.47528
964.029	47.23641
964.327	47.50547
964.626	47.2678
964.924	47.30008
965.222	47.51534
965.521	47.58391
965.819	47.24759
966.117	47.5373
966.415	47.35377
966.713	47.41548
967.011	47.90074
967.309	47.50829
967.606	47.51032
967.904	47.23542
968.202	47.28952
968.499	47.25284
968.797	47.36423
969.095	47.40394
969.392	47.5338
969.689	47.40298
969.987	47.35845
970.284	47.26797
970.581	47.4017
970.878	47.56721
971.176	47.28714
971.473	47.48057
971.77	47.44278
972.067	47.14308
972.363	47.22338
972.66	47.63048
972.957	47.58574
973.254	47.16653
973.55	47.28478
973.847	47.15915
974.144	47.41847
974.44	47.28127
974.736	47.31884
975.033	47.34452
975.329	47.07708
975.625	47.39747
975.922	47.34087
976.218	47.31885
976.514	47.66957
976.81	47.47834
977.106	47.19609
977.402	47.58153
977.697	47.81695
977.993	47.16108
978.289	47.19104
978.585	47.28931
978.88	47.31528
979.176	47.4262
979.471	47.74645
979.767	47.16472
980.062	46.9724
980.357	47.3931
980.653	47.14417
980.948	47.54024
981.243	47.48672
981.538	47.47312
981.833	47.38736
982.128	47.41487
982.423	47.31236
982.718	47.17841
983.013	47.23877
983.307	47.12233
983.602	47.20166
983.897	47.48611
984.191	47.39435
984.486	47.25742
984.78	47.56687
985.075	47.52423
985.369	47.06681
985.663	47.2885
985.957	47.22679
986.251	47.48541
986.546	47.03519
986.84	47.41995
987.134	47.27655
987.428	47.52536
987.721	47.18412
988.015	47.34653
988.309	47.43717
988.603	47.31256
988.896	47.28837
989.19	47.1967
989.483	46.81649
989.777	47.19882
990.07	47.55793
990.364	47.24896
990.657	47.08783
990.95	47.08506
991.243	47.17813
991.536	47.16023
991.829	47.54227
992.122	46.93369
992.415	47.32053
992.708	47.22715
993.001	47.15118
993.294	47.34087
993.586	47.01717
993.879	47.68659
994.172	47.44895
994.464	47.12854
994.757	47.16908
995.049	47.61479
995.341	47.5197
995.634	47.32151
995.926	47.08587
996.218	47.02165
996.51	47.17457
996.802	47.16398
997.094	46.94429
997.386	47.12523
997.678	47.15735
997.97	47.49546
998.262	47.31341
998.553	47.28221
998.845	47.48345
999.136	47.06729
999.428	47.37438
999.719	47.20544
1000.011	47.16826
1000.302	47.40943
1000.594	47.15189
1000.885	47.14851
1001.176	47.2527
1001.467	47.31007
1001.758	46.87471
1002.049	47.25219
1002.34	46.94123
1002.631	47.32735
1002.922	47.32244
1003.212	47.27434
1003.503	47.23645
1003.794	47.32386
1004.084	47.08079
1004.375	47.02702
1004.665	47.22691
1004.956	47.23937
1005.246	47.23843
1005.536	47.01025
1005.827	47.0046
1006.117	46.88802
1006.407	47.24255
1006.697	46.86899
1006.987	46.76158
1007.277	46.83656
1007.567	47.38085
1007.857	47.04099
1008.147	47.2303
1008.436	47.19306
1008.726	47.2473
1009.015	47.24785
1009.305	47.14273
1009.594	47.1658
1009.884	47.43324
1010.173	47.24814
1010.463	46.95918
1010.752	47.07496
1011.041	47.21079
1011.33	46.77092
1011.619	46.47028
1011.908	46.8434
1012.197	46.88613
1012.486	46.7208
1012.775	47.26431
1013.064	46.49949
1013.352	47.37441
1013.641	46.74533
1013.929	47.3236
1014.218	46.75498
1014.506	46.40851
1014.795	46.65329
1015.083	46.80298
1015.372	46.72909
1015.66	46.59655
1015.948	46.52648
1016.236	46.5776
1016.524	46.50563
1016.812	46.41091
1017.1	46.92419
1017.388	47.10071
1017.676	46.56799
1017.964	46.93986
1018.251	47.23446
1018.539	47.03839
1018.827	46.54566
1019.114	47.2202
1019.402	46.75254
1019.689	46.76352
1019.976	46.9143
1020.264	46.6079
1020.551	46.53156
1020.838	46.77329
1021.125	47.34326
1021.412	46.68654
1021.699	46.84983
1021.986	46.78804
1022.273	46.60215
1022.56	46.8594
1022.847	46.85622
1023.133	46.71145
1023.42	46.63761
1023.706	46.04504
1023.993	46.87065
1024.279	46.94111
1024.566	46.64061
1024.852	46.6093
1025.139	46.99524
1025.425	46.89932
1025.711	46.80821
1025.997	46.57918
1026.283	46.54054
1026.569	46.4956
1026.855	46.84614
1027.141	46.83287
1027.427	46.16447
1027.712	46.5701
1027.998	46.5164
1028.284	46.51783
1028.569	46.55212
1028.855	46.88297
1029.14	46.99436
1029.426	46.46817
1029.711	46.54839
1029.996	46.00067
1030.282	46.45695
1030.567	46.61243
1030.852	46.04692
1031.137	46.95929
1031.422	46.67481
1031.707	46.74355
1031.992	46.35505
1032.276	47.0452
1032.561	45.87795
1032.846	45.98533
1033.131	46.66876
1033.415	46.03522
1033.7	46.07195
1033.984	46.70024
1034.268	46.16541
1034.553	46.2579
1034.837	45.7122
1035.121	46.44663
1035.405	46.75287
1035.69	46.30341
1035.974	46.65546
1036.258	45.75715
1036.541	46.84666
1036.825	46.39711
1037.109	46.36762
1037.393	46.52467
1037.677	46.56107
1037.96	46.83562
1038.244	46.79994
1038.527	46.20003
1038.811	46.08295
1039.094	46.9565
1039.377	45.89699
1039.661	47.43647
1039.944	46.38423
1040.227	46.51447
1040.51	46.33854
1040.793	46.03572
1041.076	46.72827
1041.359	46.68471
1041.642	46.03186
1041.925	45.62813
