348.233	34.22829
348.623	54.23651
349.013	66.97394
349.403	60.1075
349.793	45.05928
350.183	42.72592
350.573	38.09782
350.963	42.06508
351.353	53.71605
351.743	54.04018
352.133	57.99738
352.522	43.24731
352.912	47.38071
353.301	57.23906
353.691	71.25764
354.081	55.80652
354.47	56.73487
354.859	58.26817
355.249	30.37144
355.638	47.37886
356.027	53.23172
356.417	49.96912
356.806	47.9621
357.195	55.8827
357.584	54.56593
357.973	53.38782
358.362	41.46722
358.751	44.9002
359.14	51.10761
359.529	46.21541
359.918	34.20176
360.307	46.19151
360.695	56.18088
361.084	52.37219
361.473	40.70063
361.861	41.72779
362.25	49.42493
362.638	44.03634
363.027	52.43256
363.415	45.37232
363.803	48.27186
364.192	57.67077
364.58	44.9959
364.968	42.8735
365.356	48.26566
365.745	42.40499
366.133	34.4552
366.521	47.29561
366.909	59.81378
367.297	59.25701
367.685	28.26615
368.073	53.53968
368.46	45.79183
368.848	39.78335
369.236	45.91945
369.624	43.44958
370.011	43.49737
370.399	54.11906
370.786	57.34543
371.174	50.83077
371.561	50.99909
371.949	35.93564
372.336	49.95388
372.723	42.43908
373.111	40.16989
373.498	51.03648
373.885	54.87851
374.272	56.12283
374.659	45.65978
375.046	55.55827
375.433	52.27445
375.82	43.16345
376.207	46.27755
376.594	40.5956
376.981	54.85779
377.368	39.76957
377.754	55.76638
378.141	68.53662
378.528	51.42685
378.914	44.10409
379.301	43.94959
379.687	44.72472
380.074	45.22263
380.46	50.77968
380.846	42.76965
381.233	49.09563
381.619	40.71142
382.005	47.65573
382.391	49.4882
382.778	43.9953
383.164	50.01521
383.55	46.37336
383.936	41.8014
384.322	51.88353
384.707	44.49662
385.093	50.71838
385.479	45.17169
385.865	51.10097
386.251	45.52551
386.636	51.56008
387.022	47.35384
387.407	44.55424
387.793	47.80983
388.178	39.78213
388.564	48.78619
388.949	43.61305
389.335	46.88211
389.72	42.0443
390.105	43.14364
390.49	50.58116
390.875	45.48978
391.261	48.39587
391.646	44.60381
392.031	45.56809
392.416	40.61451
392.801	45.97282
393.185	49.42699
393.57	41.13538
393.955	39.05135
394.34	47.8845
394.725	43.56751
395.109	45.2469
395.494	40.79988
395.878	46.26563
396.263	39.86859
396.647	45.00663
397.032	43.96984
397.416	50.18198
397.8	43.96559
398.185	46.67046
398.569	40.79546
398.953	45.74535
399.337	44.03551
399.721	43.99588
400.105	44.9875
400.489	46.13565
400.873	43.86165
401.257	45.94556
401.641	41.81202
402.025	45.26222
402.409	43.26623
402.792	46.6912
403.176	43.19261
403.56	45.36406
403.943	43.68354
404.327	44.03662
404.71	42.3934
405.094	44.3324
405.477	46.16001
405.861	42.23933
406.244	44.77438
406.627	42.31926
407.01	44.26399
407.393	43.40313
407.777	45.11894
408.16	43.79729
408.543	44.18189
408.926	44.03243
409.309	41.57611
409.691	40.9791
410.074	43.98149
410.457	42.88676
410.84	42.70342
411.223	44.58561
411.605	45.5215
411.988	40.20074
412.37	44.83649
412.753	41.6
413.135	40.62153
413.518	39.44422
413.9	42.23142
414.283	43.78787
414.665	41.67451
415.047	43.08231
415.429	43.97062
415.811	40.15164
416.193	43.80303
416.576	43.25659
416.958	43.95651
417.339	41.12816
417.721	42.3248
418.103	41.79273
418.485	42.15334
418.867	42.50778
419.249	41.87104
419.63	40.89661
420.012	41.85058
420.393	43.16694
420.775	42.23863
421.156	44.18291
421.538	41.68192
421.919	41.07426
422.301	43.28353
422.682	43.06973
423.063	41.32302
423.444	44.302
423.826	44.67598
424.207	42.72155
424.588	42.95552
424.969	42.69137
425.35	42.98296
425.731	40.7153
426.112	42.02562
426.492	41.05223
426.873	41.25657
427.254	43.82025
427.635	40.66114
428.015	42.94058
428.396	42.31527
428.776	41.95098
429.157	41.67037
429.537	42.17693
429.918	42.42843
430.298	41.75414
430.679	42.56122
431.059	43.52726
431.439	42.51256
431.819	41.39568
432.199	41.60267
432.579	39.8683
432.959	41.35942
433.339	41.83997
433.719	40.85725
434.099	41.48525
434.479	41.01017
434.859	40.34303
435.239	41.76807
435.618	41.35009
435.998	41.21187
436.378	40.04156
436.757	40.25879
437.137	40.2425
437.516	40.56645
437.896	40.46755
438.275	41.19829
438.654	40.4425
439.034	39.27787
439.413	41.31915
439.792	39.21037
440.171	41.41005
440.55	40.2358
440.929	40.34658
441.308	41.56285
441.687	39.51986
442.066	39.62006
442.445	39.78994
442.824	39.41166
443.203	41.59785
443.582	39.60873
443.96	39.62169
444.339	41.38008
444.717	41.08748
445.096	39.95228
445.474	40.96178
445.853	39.53917
446.231	41.04855
446.61	40.16837
446.988	40.62637
447.366	39.95454
447.744	40.29312
448.123	39.38402
448.501	39.86971
448.879	39.03379
449.257	39.6583
449.635	40.6608
450.013	38.78795
450.39	39.24014
450.768	40.07226
451.146	39.86355
451.524	39.62209
451.902	38.71447
452.279	40.21201
452.657	39.65981
453.034	39.54712
453.412	39.66446
453.789	39.24418
454.167	39.34042
454.544	39.06359
454.921	38.25285
455.299	38.86586
455.676	38.22122
456.053	39.98194
456.43	38.844
456.807	39.0418
457.184	39.1334
457.561	39.84593
457.938	38.54569
458.315	38.65968
458.692	39.40719
459.069	37.75771
459.445	38.51741
459.822	38.96571
460.199	38.77703
460.575	38.24787
460.952	38.26413
461.328	39.03683
461.705	38.49822
462.081	39.00435
462.458	38.10251
462.834	38.92783
463.21	38.06373
463.586	37.32697
463.962	37.86228
464.339	38.45335
464.715	38.14477
465.091	38.05047
465.467	38.82384
465.843	38.13177
466.219	37.61162
466.594	37.92138
466.97	38.79357
467.346	38.08013
467.722	37.97155
468.097	37.92688
468.473	38.27783
468.848	38.40355
469.224	37.935
469.599	37.44458
469.975	37.16785
470.35	37.41274
470.725	36.90846
471.101	37.72034
471.476	37.18291
471.851	37.46807
472.226	37.7813
472.601	36.69049
472.976	37.41432
473.351	36.82646
473.726	36.84881
474.101	37.2408
474.476	38.06629
474.851	37.49317
475.226	37.36298
475.6	36.9589
475.975	36.66859
476.349	36.70971
476.724	37.19563
477.099	37.61013
477.473	37.2239
477.847	37.28618
478.222	36.79591
478.596	36.13218
478.97	36.73356
479.345	36.35051
479.719	36.80224
480.093	36.52155
480.467	36.58379
480.841	36.03136
481.215	36.50692
481.589	36.99118
481.963	36.28525
482.337	36.10455
482.71	35.75101
483.084	36.86249
483.458	36.41377
483.831	37.09649
484.205	36.75111
484.579	36.47535
484.952	35.66783
485.326	35.93188
485.699	35.17544
486.072	35.42967
486.446	36.46354
486.819	36.14605
487.192	35.92733
487.565	35.88207
487.938	36.16187
488.311	36.02974
488.684	35.96673
489.057	35.38137
489.43	35.88287
489.803	36.20953
490.176	35.90537
490.549	36.47989
490.922	35.84308
491.294	35.92803
491.667	35.79966
492.04	36.24722
492.412	35.27121
492.785	35.11024
493.157	35.27064
493.529	35.5167
493.902	35.66351
494.274	35.56963
494.646	35.65599
495.019	34.65271
495.391	35.3291
495.763	35.79073
496.135	36.01211
496.507	35.11719
496.879	34.70025
497.251	36.23144
497.623	35.24865
497.994	35.53905
498.366	34.97624
498.738	34.95741
499.11	35.1224
499.481	35.45232
499.853	34.90886
500.224	35.39064
500.596	35.18672
500.967	35.34064
501.339	35.06053
501.71	34.93216
502.081	34.65593
502.453	35.4917
502.824	34.86968
503.195	34.4781
503.566	35.08314
503.937	35.26909
504.308	34.66334
504.679	34.53628
505.05	34.82615
505.421	35.69557
505.792	34.46893
506.162	34.73087
506.533	35.21157
506.904	34.12606
507.274	34.65115
507.645	35.01707
508.015	34.96214
508.386	34.174
508.756	34.75029
509.127	34.38646
509.497	34.272
509.867	34.57915
510.238	34.96633
510.608	34.90228
510.978	34.17139
511.348	34.45057
511.718	34.21449
512.088	34.14148
512.458	34.04303
512.828	34.188
513.198	34.2518
513.567	34.5348
513.937	34.41685
514.307	34.20439
514.677	34.13165
515.046	34.42015
515.416	34.08422
515.785	34.11674
516.155	33.89263
516.524	34.21857
516.893	33.89199
517.263	34.08249
517.632	34.37221
518.001	34.04366
518.37	33.9852
518.739	33.53233
519.109	34.01107
519.478	33.89464
519.847	34.10142
520.215	33.60715
520.584	33.96452
520.953	33.93352
521.322	33.8566
521.691	34.03141
522.059	33.56817
522.428	33.8618
522.797	34.03124
523.165	33.47438
523.534	33.92196
523.902	33.47604
524.27	33.69921
524.639	33.69561
525.007	33.22106
525.375	33.65436
525.744	33.32677
526.112	33.79769
526.48	32.98611
526.848	33.50566
527.216	34.02711
527.584	33.54627
527.952	33.01016
528.32	33.49662
528.687	33.15639
529.055	33.62692
529.423	33.3853
529.79	33.30022
530.158	32.84136
530.526	33.70783
530.893	32.58697
531.261	33.29338
531.628	32.79138
531.995	33.00608
532.363	33.21489
532.73	33.13054
533.097	33.21494
533.464	33.14452
533.831	33.46195
534.199	32.73474
534.566	33.09556
534.933	32.89865
535.3	32.89484
535.666	32.41269
536.033	32.96869
536.4	32.98027
536.767	32.79621
537.133	32.58796
537.5	33.01186
537.867	32.56668
538.233	32.91718
538.6	32.73269
538.966	32.81091
539.333	32.83043
539.699	32.5107
540.065	32.86897
540.431	32.66624
540.798	32.81918
541.164	32.79284
541.53	32.54668
541.896	32.84241
542.262	32.86177
542.628	32.8476
542.994	32.39666
543.36	32.44856
543.725	32.56213
544.091	32.55844
544.457	32.1584
544.823	32.01824
545.188	32.65087
545.554	32.57405
545.919	32.28935
546.285	32.65045
546.65	32.39052
547.015	32.38454
547.381	32.73517
547.746	32.40835
548.111	32.30172
548.476	32.22057
548.842	32.61841
549.207	32.12567
549.572	32.27417
549.937	32.27726
550.301	32.50495
550.666	32.25888
551.031	32.07084
551.396	32.33125
551.761	31.92969
552.125	32.2884
552.49	32.18814
552.855	32.2054
553.219	31.72477
553.584	31.91636
553.948	32.38051
554.312	31.80836
554.677	32.01459
555.041	32.01612
555.405	32.21604
555.769	31.78177
556.134	31.9283
556.498	31.65605
556.862	31.90184
557.226	31.74193
557.59	32.03129
557.954	32.01175
558.317	31.51817
558.681	31.3846
559.045	31.72039
559.409	31.7
559.772	31.69056
560.136	32.023
560.499	31.51507
560.863	31.70737
561.226	31.69605
561.59	31.68714
561.953	31.60489
562.316	31.6201
562.68	31.70468
563.043	31.69461
563.406	31.3876
563.769	31.57322
564.132	31.38983
564.495	31.35969
564.858	31.19936
565.221	31.49087
565.584	31.4705
565.947	31.37388
566.309	31.23533
566.672	31.36115
567.035	31.35057
567.397	31.2735
567.76	31.39385
568.122	31.4289
568.485	31.2087
568.847	31.20805
569.21	31.28654
569.572	31.34837
569.934	31.47369
570.296	31.32767
570.659	30.91313
571.021	31.25245
571.383	30.96572
571.745	31.31849
572.107	31.11932
572.469	31.0536
572.831	31.15602
573.192	31.24281
573.554	30.94831
573.916	31.28502
574.278	31.04235
574.639	31.23703
575.001	31.29825
575.362	31.0224
575.724	31.11049
576.085	31.14979
576.446	30.90695
576.808	30.74345
577.169	30.7904
577.53	31.10032
577.891	30.72653
578.253	30.70704
578.614	30.75965
578.975	30.62266
579.336	30.75722
579.697	30.86219
580.057	30.49855
580.418	30.76964
580.779	30.67056
581.14	30.55713
581.5	30.78532
581.861	30.74853
582.222	30.41911
582.582	30.47069
582.943	30.74459
583.303	30.75622
583.663	30.46515
584.024	30.2087
584.384	30.68208
584.744	30.16203
585.104	30.55896
585.465	30.64295
585.825	30.17755
586.185	30.23394
586.545	30.46595
586.905	30.32873
587.264	30.23362
587.624	30.11509
587.984	30.11749
588.344	30.33492
588.704	30.342
589.063	30.17958
589.423	30.32132
589.782	30.16702
590.142	29.94283
590.501	29.92063
590.861	29.86426
591.22	30.1552
591.579	30.12412
591.938	30.13632
592.298	29.96429
592.657	29.84732
593.016	29.88832
593.375	29.8745
593.734	30.1101
594.093	29.75401
594.452	29.94672
594.81	29.7146
595.169	29.77695
595.528	29.901
595.887	29.83073
596.245	29.96031
596.604	29.76654
596.962	29.77474
597.321	29.81904
597.679	29.76591
598.038	29.83796
598.396	29.76687
598.754	29.4825
599.113	29.7279
599.471	29.52002
599.829	29.63039
600.187	29.36493
600.545	29.53956
600.903	29.53326
601.261	29.64484
601.619	29.36246
601.977	29.59441
602.334	29.68013
602.692	29.44858
603.05	29.42212
603.407	29.32916
603.765	29.60237
604.123	29.44117
604.48	29.07961
604.837	29.04697
605.195	29.1774
605.552	29.43407
605.909	29.36782
606.267	29.35424
606.624	29.35654
606.981	28.96703
607.338	29.22125
607.695	29.25103
608.052	29.23212
608.409	29.22064
608.766	29.08819
609.123	29.20137
609.48	29.04774
609.836	29.04941
610.193	28.98528
610.55	29.1627
610.906	29.01617
611.263	28.90754
611.619	28.9998
611.976	28.74128
612.332	29.01923
612.688	28.78618
613.045	28.78146
613.401	28.7892
613.757	28.70858
614.113	28.71894
614.469	28.64126
614.825	28.89902
615.181	28.77191
615.537	28.73374
615.893	28.86947
616.249	28.7328
616.605	28.55356
616.96	28.58523
617.316	28.62653
617.672	28.69845
618.027	28.66692
618.383	28.48962
618.738	28.24477
619.094	28.30676
619.449	28.38308
619.804	28.27392
620.16	28.29591
620.515	28.32871
620.87	28.43705
621.225	28.32643
621.58	28.30904
621.935	28.40276
622.29	28.48796
622.645	28.08131
623	28.1386
623.355	28.09557
623.709	28.10119
624.064	28.18713
624.419	28.01903
624.773	28.06162
625.128	28.09653
625.483	27.82109
625.837	28.10737
626.191	28.0187
626.546	28.08767
626.9	28.00093
627.254	27.79121
627.609	27.95524
627.963	27.87796
628.317	28.10989
628.671	27.88066
629.025	27.66041
629.379	27.64851
629.733	27.98969
630.087	27.89084
630.44	27.91422
630.794	27.58285
631.148	27.6726
631.501	27.75081
631.855	27.55964
632.209	27.66476
632.562	27.3796
632.916	27.39646
633.269	27.4655
633.622	27.63202
633.976	27.71239
634.329	27.40307
634.682	27.76506
635.035	27.40133
635.388	27.46318
635.741	27.37965
636.094	27.47437
636.447	27.47407
636.8	27.14098
637.153	27.28475
637.506	27.39146
637.859	27.26506
638.211	27.34738
638.564	27.16358
638.916	27.24463
639.269	27.22906
639.621	27.18002
639.974	27.1541
640.326	27.24643
640.679	26.85563
641.031	26.94105
641.383	26.99969
641.735	27.06268
642.087	26.87921
642.44	26.97864
642.792	26.84888
643.144	26.77492
643.495	26.92245
643.847	26.88664
644.199	26.80419
644.551	26.96304
644.903	27.08068
645.254	26.7542
645.606	26.75205
645.958	26.74752
646.309	26.69931
646.661	26.95173
647.012	26.56116
647.363	26.79109
647.715	26.79696
648.066	26.68751
648.417	26.58333
648.768	26.59583
649.119	26.53687
649.47	26.43631
649.821	26.35781
650.172	26.7539
650.523	26.23977
650.874	26.48621
651.225	26.44418
651.576	26.39028
651.926	26.44168
652.277	26.58003
652.628	26.18501
652.978	26.29349
653.329	26.42951
653.679	26.24404
654.03	26.48267
654.38	26.29211
654.73	26.07094
655.08	26.33129
655.431	26.04891
655.781	26.10768
656.131	26.23282
656.481	26.26251
656.831	26.247
657.181	26.21944
657.531	26.05896
657.881	25.97772
658.23	25.96028
658.58	25.93442
658.93	26.06516
659.279	25.92812
659.629	25.97324
659.979	26.18088
660.328	25.8171
660.677	26.03155
661.027	26.11611
661.376	25.83013
661.725	26.00844
662.075	25.91457
662.424	25.9309
662.773	25.88847
663.122	25.77418
663.471	25.71453
663.82	25.69786
664.169	25.53045
664.518	25.60142
664.867	25.6365
665.215	25.57785
665.564	25.59922
665.913	25.5382
666.261	25.48681
666.61	25.47859
666.958	25.46824
667.307	25.43943
667.655	25.62461
668.003	25.66158
668.352	25.52104
668.7	25.4039
669.048	25.48715
669.396	25.46344
669.744	25.26575
670.092	25.41501
670.44	25.54416
670.788	25.33858
671.136	25.4071
671.484	25.24762
671.832	25.16164
672.18	25.09831
672.527	25.1857
672.875	25.12381
673.223	25.29012
673.57	25.25531
673.918	25.10157
674.265	25.10757
674.612	25.22776
674.96	25.17728
675.307	25.01198
675.654	25.00896
676.001	25.19911
676.348	25.16655
676.695	25.04307
677.042	24.941
677.389	24.97078
677.736	24.92253
678.083	24.79579
678.43	24.90742
678.777	24.83797
679.123	24.75093
679.47	24.91398
679.817	24.82094
680.163	24.70876
680.51	24.91345
680.856	24.7023
681.203	24.64448
681.549	24.68195
681.895	24.85631
682.241	24.7735
682.588	24.72937
682.934	24.76021
683.28	24.73906
683.626	24.72259
683.972	24.60336
684.318	24.4
684.664	24.73973
685.009	24.63277
685.355	24.64656
685.701	24.33179
686.047	24.35033
686.392	24.35778
686.738	24.5931
687.083	24.50176
687.429	24.28238
687.774	24.46425
688.12	24.44883
688.465	24.41761
688.81	24.5123
689.155	24.38005
689.5	24.31554
689.846	24.29833
690.191	24.22218
690.536	24.36306
690.88	24.29689
691.225	24.37704
691.57	24.20392
691.915	24.31448
692.26	24.07416
692.604	24.23373
692.949	24.30837
693.294	24.23888
693.638	23.96381
693.983	24.45575
694.327	24.29604
694.671	24.30602
695.016	24.11923
695.36	24.09515
695.704	24.00898
696.048	24.01874
696.393	24.08208
696.737	24.21453
697.081	23.9955
697.425	23.93716
697.768	23.93065
698.112	23.8867
698.456	23.83516
698.8	23.87897
699.144	23.91531
699.487	23.97291
699.831	23.90329
700.174	23.76928
700.518	23.85677
700.861	23.76774
701.205	23.86016
701.548	23.70046
701.891	23.86415
702.234	23.60433
702.578	23.74699
702.921	23.75804
703.264	23.76727
703.607	23.75726
703.95	23.62529
704.293	23.72448
704.636	23.72335
704.978	23.84051
705.321	23.61862
705.664	23.58584
706.007	23.71592
706.349	23.61293
706.692	23.63295
707.034	23.5834
707.377	23.73624
707.719	23.44322
708.061	23.52181
708.404	23.48008
708.746	23.56459
709.088	23.67208
709.43	23.60078
709.772	23.65469
710.114	23.4714
710.456	23.57097
710.798	23.53283
711.14	23.4384
711.482	23.44239
711.824	23.32917
712.165	23.30392
712.507	23.48684
712.849	23.46776
713.19	23.47272
713.532	23.3093
713.873	23.43002
714.215	23.47625
714.556	23.42821
714.897	23.33344
715.238	23.26231
715.58	23.33238
715.921	23.40281
716.262	23.36597
716.603	23.06293
716.944	23.24349
717.285	23.30513
717.626	23.23361
717.967	23.23888
718.307	23.05032
718.648	23.19498
718.989	23.08462
719.329	23.12629
719.67	23.15979
720.01	23.04555
720.351	22.86632
720.691	23.11918
721.032	23.09404
721.372	22.91438
721.712	23.35959
722.052	23.21819
722.393	22.98261
722.733	23.15491
723.073	22.80467
723.413	23.01246
723.753	23.03636
724.092	22.96713
724.432	22.92212
724.772	23.10177
725.112	22.9016
725.451	23.04748
725.791	22.94877
726.131	22.9437
726.47	22.88056
726.81	22.83415
727.149	22.80751
727.488	22.92814
727.828	22.75959
728.167	22.83228
728.506	22.85427
728.845	22.75647
729.184	22.79248
729.523	22.77624
729.862	22.76222
730.201	22.80534
730.54	22.9492
730.879	22.93163
731.218	22.69069
731.557	22.72859
731.895	22.68749
732.234	22.63723
732.572	22.76149
732.911	22.68327
733.249	22.56947
733.588	22.60802
733.926	22.58813
734.264	22.63444
734.603	22.60793
734.941	22.60261
735.279	22.71311
735.617	22.55723
735.955	22.58424
736.293	22.57387
736.631	22.69151
736.969	22.47392
737.307	22.52467
737.645	22.55015
737.982	22.60964
738.32	22.58096
738.658	22.51584
738.995	22.66388
739.333	22.44339
739.67	22.52161
740.008	22.57105
740.345	22.3283
740.682	22.53384
741.019	22.35036
741.357	22.5185
741.694	22.34746
742.031	22.34882
742.368	22.43725
742.705	22.3327
743.042	22.35494
743.379	22.32372
743.716	22.14092
744.052	22.35266
744.389	22.34255
744.726	22.44169
745.062	22.31746
745.399	22.3847
745.735	22.26102
746.072	22.39339
746.408	22.20477
746.745	22.16724
747.081	22.15071
747.417	22.31306
747.753	22.20804
748.089	22.23706
748.426	22.29762
748.762	22.23883
749.098	22.09056
749.433	22.08167
749.769	22.09299
750.105	22.04694
750.441	22.26588
750.777	22.19889
751.112	21.9857
751.448	21.97906
751.783	22.08845
752.119	22.10117
752.454	22.13934
752.79	22.07788
753.125	21.83602
753.46	21.98442
753.796	21.9859
754.131	21.99208
754.466	22.0292
754.801	22.07409
755.136	21.92092
755.471	21.74246
755.806	21.96192
756.141	21.87491
756.476	21.73561
756.81	21.81861
757.145	21.94517
757.48	21.87595
757.814	21.835
758.149	21.92704
758.483	21.7638
758.818	21.81434
759.152	21.80556
759.487	21.84567
759.821	21.6954
760.155	21.64416
760.489	21.81597
760.823	21.81881
761.157	21.81002
761.491	21.86944
761.825	21.72237
762.159	21.68142
762.493	21.58675
762.827	21.65466
763.161	21.54462
763.494	21.58984
763.828	21.60987
764.162	21.58678
764.495	21.59125
764.829	21.66197
765.162	21.52802
765.495	21.53636
765.829	21.4813
766.162	21.37788
766.495	21.40429
766.828	21.43821
767.161	21.24158
767.495	21.53464
767.828	21.3582
768.16	21.49524
768.493	21.39582
768.826	21.39509
769.159	21.34882
769.492	21.45552
769.824	21.16738
770.157	21.3125
770.49	21.29366
770.822	21.28258
771.155	21.29887
771.487	21.19612
771.819	21.23282
772.152	21.41314
772.484	21.1986
772.816	21.26738
773.148	21.16284
773.48	21.1485
773.812	21.11323
774.144	21.26577
774.476	21.01808
774.808	21.02659
775.14	21.12538
775.472	21.0775
775.803	20.9996
776.135	20.99335
776.467	21.03406
776.798	21.04109
777.13	21.03061
777.461	21.01801
777.793	20.92322
778.124	21.03938
778.455	21.03084
778.786	20.76443
779.118	20.86522
779.449	20.92107
779.78	20.95835
780.111	20.80484
780.442	20.66634
780.773	20.70948
781.104	20.83016
781.434	20.68241
781.765	20.7772
782.096	20.72262
782.426	20.78168
782.757	20.77603
783.088	20.68243
783.418	20.72718
783.749	20.51382
784.079	20.6684
784.409	20.67558
784.739	20.69727
785.07	20.68875
785.4	20.60943
785.73	20.49179
786.06	20.6604
786.39	20.54283
786.72	20.32982
787.05	20.4961
787.38	20.36794
787.709	20.32904
788.039	20.45252
788.369	20.38123
788.698	20.49162
789.028	20.42593
789.358	20.36218
789.687	20.46276
790.016	20.4168
790.346	20.3864
790.675	20.25438
791.004	20.15006
791.334	20.46605
791.663	20.27292
791.992	20.14764
792.321	20.3166
792.65	20.30436
792.979	20.106
793.308	20.11934
793.636	19.98807
793.965	19.97504
794.294	19.99218
794.622	20.0356
794.951	20.00843
795.28	20.06093
795.608	20.17834
795.936	20.07909
796.265	19.92104
796.593	20.04632
796.921	20.02571
797.25	20.01031
797.578	19.72449
797.906	19.93078
798.234	20.00829
798.562	19.85129
798.89	19.76617
799.218	19.78845
799.546	19.77647
799.873	19.80838
800.201	19.84649
800.529	19.79655
800.857	19.86707
801.184	19.65987
801.512	19.63681
801.839	19.66091
802.166	19.55017
802.494	19.51022
802.821	19.51724
803.148	19.55735
803.476	19.50936
803.803	19.60918
804.13	19.47482
804.457	19.52496
804.784	19.38798
805.111	19.4223
805.438	19.48263
805.764	19.57708
806.091	19.38101
806.418	19.44492
806.744	19.33533
807.071	19.42692
807.398	19.17743
807.724	19.16592
808.051	19.3505
808.377	19.24478
808.703	19.23146
809.03	19.35048
809.356	19.17181
809.682	19.04647
810.008	19.09176
810.334	19.05666
810.66	19.00324
810.986	19.16799
811.312	19.20233
811.638	18.99755
811.964	18.99005
812.289	19.15809
812.615	18.98798
812.941	18.9777
813.266	19.02746
813.592	18.8935
813.917	18.78505
814.242	18.85237
814.568	18.9479
814.893	18.93376
815.218	18.83517
815.543	18.69167
815.869	18.76396
816.194	18.87387
816.519	18.85475
816.844	18.90505
817.169	18.7566
817.493	18.8242
817.818	18.7948
818.143	18.70176
818.468	18.80137
818.792	18.49851
819.117	18.57025
819.441	18.52291
819.766	18.73883
820.09	18.55596
820.415	18.53577
820.739	18.59602
821.063	18.57414
821.387	18.58202
821.712	18.42589
822.036	18.41853
822.36	18.53451
822.684	18.44053
823.008	18.48411
823.332	18.41264
823.655	18.29155
823.979	18.26108
824.303	18.33107
824.626	18.28198
824.95	18.28115
825.274	18.32752
825.597	18.43066
825.921	18.38658
826.244	18.14095
826.567	18.23127
826.891	18.14511
827.214	18.12146
827.537	18.14607
827.86	18.14089
828.183	18.18917
828.506	18.05421
828.829	17.97328
829.152	18.14916
829.475	17.99973
829.798	18.03438
830.12	18.0054
830.443	17.96822
830.766	17.81485
831.088	18.00409
831.411	17.91424
831.733	17.88565
832.056	17.88072
832.378	17.94876
832.7	17.969
833.022	17.80425
833.345	17.81471
833.667	17.61475
833.989	17.83188
834.311	17.86234
834.633	17.88783
834.955	17.55666
835.276	17.68478
835.598	17.70022
835.92	17.71451
836.242	17.55418
836.563	17.59855
836.885	17.61101
837.206	17.39853
837.528	17.63866
837.849	17.45088
838.171	17.49783
838.492	17.57872
838.813	17.45682
839.134	17.55819
839.456	17.42092
839.777	17.5013
840.098	17.42911
840.419	17.50869
840.74	17.48139
841.06	17.47877
841.381	17.36242
841.702	17.32635
842.023	17.21458
842.343	17.42339
842.664	17.23661
842.984	17.21903
843.305	17.13505
843.625	17.30985
843.946	17.34321
844.266	17.11903
844.586	17.19587
844.906	17.17289
845.227	17.21961
845.547	17.15387
845.867	17.18601
846.187	17.07467
846.507	17.21017
846.827	17.17281
847.146	17.01378
847.466	17.07495
847.786	17.06155
848.105	17.08542
848.425	16.99084
848.745	16.92558
849.064	16.96995
849.384	16.94897
849.703	17.07919
850.022	16.93611
850.342	16.74071
850.661	16.74937
850.98	16.88143
851.299	16.83245
851.618	16.84638
851.937	16.84837
852.256	16.75365
852.575	16.74805
852.894	16.82355
853.212	16.89887
853.531	16.74717
853.85	16.63984
854.168	16.70913
854.487	16.58224
854.805	16.64194
855.124	16.67108
855.442	16.78258
855.761	16.76981
856.079	16.51502
856.397	16.70544
856.715	16.52078
857.033	16.56187
857.351	16.49139
857.669	16.54919
857.987	16.44555
858.305	16.51658
858.623	16.4968
858.941	16.48373
859.259	16.4598
859.576	16.50063
859.894	16.19764
860.211	16.35169
860.529	16.36623
860.846	16.46316
861.164	16.32303
861.481	16.29565
861.798	16.27263
862.116	16.359
862.433	16.31134
862.75	16.15151
863.067	16.23232
863.384	16.35362
863.701	16.10845
864.018	16.31243
864.335	16.08654
864.651	16.14054
864.968	16.24875
865.285	16.12387
865.601	16.17876
865.918	16.17553
866.234	16.02179
866.551	16.10379
866.867	15.97511
867.184	16.06
867.5	16.0522
867.816	16.16821
868.132	16.08696
868.448	16.0441
868.764	15.94116
869.08	16.12759
869.396	16.06572
869.712	15.96986
870.028	15.93129
870.344	15.83109
870.66	15.93191
870.975	15.99262
871.291	15.8764
871.606	15.849
871.922	15.81346
872.237	16.04044
872.553	15.80308
872.868	15.92737
873.183	15.96014
873.499	15.90847
873.814	15.89694
874.129	15.91362
874.444	15.77891
874.759	15.77346
875.074	15.65875
875.389	15.81457
875.704	15.70432
876.018	15.71308
876.333	15.74484
876.648	15.71276
876.962	15.76102
877.277	15.55671
877.591	15.69738
877.906	15.54193
878.22	15.58899
878.534	15.5692
878.849	15.55995
879.163	15.68211
879.477	15.78526
879.791	15.54511
880.105	15.62201
880.419	15.45372
880.733	15.58478
881.047	15.57338
881.361	15.57436
881.675	15.62115
881.988	15.4722
882.302	15.58254
882.616	15.40718
882.929	15.48429
883.243	15.56704
883.556	15.51075
883.87	15.47655
884.183	15.42081
884.496	15.51082
884.809	15.34241
885.123	15.40212
885.436	15.43711
885.749	15.29526
886.062	15.32768
886.375	15.38401
886.687	15.45178
887	15.39689
887.313	15.4596
887.626	15.33045
887.938	15.34507
888.251	15.44677
888.564	15.23353
888.876	15.3971
889.188	15.28298
889.501	15.28146
889.813	15.3628
890.125	15.32994
890.438	15.26206
890.75	15.186
891.062	15.19897
891.374	15.14863
891.686	15.10388
891.998	15.1867
892.31	15.2073
892.622	15.15853
892.933	15.17246
893.245	15.0336
893.557	15.18919
893.868	15.11801
894.18	15.11
894.491	15.03448
894.803	15.1591
895.114	15.15228
895.425	15.10555
895.737	15.04802
896.048	14.97156
896.359	15.09962
896.67	15.14159
896.981	14.95994
897.292	14.93659
897.603	14.96508
897.914	14.89771
898.225	14.93467
898.535	15.06195
898.846	14.94259
899.157	14.96023
899.467	15.08849
899.778	14.96812
900.088	14.84705
900.399	14.87389
900.709	15.00216
901.019	14.82982
901.329	14.92997
901.64	14.88457
901.95	14.88069
902.26	14.80783
902.57	14.89135
902.88	14.93799
903.19	14.80986
903.5	14.88503
903.809	14.90646
904.119	14.73455
904.429	14.73886
904.738	14.77047
905.048	14.85893
905.357	14.90414
905.667	14.71117
905.976	14.85492
906.286	14.74602
906.595	14.59619
906.904	14.6535
907.213	14.6952
907.522	14.70347
907.832	14.68259
908.141	14.79582
908.449	14.75816
908.758	14.70254
909.067	14.68511
909.376	14.68078
909.685	14.65416
909.993	14.53479
910.302	14.71213
910.61	14.59675
910.919	14.63425
911.227	14.43133
911.536	14.58847
911.844	14.53911
912.152	14.35274
912.461	14.50113
912.769	14.50351
913.077	14.58423
913.385	14.46372
913.693	14.48402
914.001	14.47026
914.309	14.44323
914.616	14.30154
914.924	14.50439
915.232	14.45271
915.54	14.40135
915.847	14.37113
916.155	14.44071
916.462	14.38779
916.77	14.43108
917.077	14.36647
917.384	14.24339
917.692	14.25753
917.999	14.32594
918.306	14.43115
918.613	14.30373
918.92	14.40711
919.227	14.29403
919.534	14.28475
919.841	14.36036
920.147	14.39636
920.454	14.35499
920.761	14.1569
921.067	14.28454
921.374	14.3553
921.681	14.33299
921.987	14.3175
922.293	14.19172
922.6	14.27494
922.906	14.20812
923.212	14.29393
923.518	14.11768
923.825	14.20887
924.131	14.19922
924.437	14.16138
924.743	14.19341
925.048	14.14871
925.354	14.1825
925.66	14.11889
925.966	14.01303
926.271	14.15953
926.577	14.11072
926.883	14.06816
927.188	14.10927
927.493	14.06481
927.799	14.15414
928.104	13.98237
928.409	14.10469
928.715	14.24745
929.02	14.01083
929.325	14.07237
929.63	14.08746
929.935	14.00029
930.24	14.09431
930.545	14.10181
930.849	13.99054
931.154	13.97561
931.459	14.00373
931.764	14.05915
932.068	13.97578
932.373	13.97644
932.677	13.87925
932.982	13.91906
933.286	13.88948
933.59	13.92582
933.894	13.97451
934.199	13.99904
934.503	13.9199
934.807	13.99847
935.111	13.89664
935.415	13.78051
935.719	13.91281
936.022	13.92694
936.326	13.79259
936.63	13.83995
936.934	13.90623
937.237	13.75023
937.541	13.89744
937.844	13.8484
938.148	13.88202
938.451	13.86596
938.754	13.82014
939.058	13.64367
939.361	13.63299
939.664	13.81891
939.967	13.82759
940.27	13.80722
940.573	13.69196
940.876	13.76521
941.179	13.64741
941.482	13.68597
941.785	13.89948
942.087	13.69308
942.39	13.74353
942.692	13.70333
942.995	13.7369
943.297	13.70524
943.6	13.67294
943.902	13.73852
944.204	13.6419
944.507	13.52193
944.809	13.72048
945.111	13.49644
945.413	13.6774
945.715	13.59213
946.017	13.47499
946.319	13.58426
946.621	13.69672
946.923	13.65524
947.224	13.51271
947.526	13.50661
947.828	13.43164
948.129	13.47696
948.431	13.42982
948.732	13.65188
949.033	13.54747
949.335	13.41006
949.636	13.58189
949.937	13.41204
950.238	13.45581
950.539	13.42242
950.84	13.39515
951.141	13.68714
951.442	13.43078
951.743	13.47531
952.044	13.44443
952.345	13.39754
952.645	13.63475
952.946	13.34521
953.247	13.46272
953.547	13.48341
953.848	13.36803
954.148	13.42633
954.448	13.56857
954.749	13.39509
955.049	13.40217
955.349	13.32141
955.649	13.29131
955.949	13.39031
956.249	13.39235
956.549	13.46179
956.849	13.42505
957.149	13.49309
957.449	13.25024
957.748	13.3539
958.048	13.3235
958.348	13.3367
958.647	13.08757
958.947	13.19766
959.246	13.3543
959.545	13.33989
959.845	13.22868
960.144	13.37864
960.443	13.2356
960.742	13.20244
961.041	13.22928
961.34	13.00624
961.639	13.32234
961.938	13.26683
962.237	13.21508
962.536	13.16569
962.835	13.31487
963.133	13.13413
963.432	13.07735
963.73	13.22042
964.029	13.09203
964.327	13.23646
964.626	13.02939
964.924	13.16957
965.222	13.1503
965.521	13.15304
965.819	13.152
966.117	13.24491
966.415	13.20382
966.713	13.04124
967.011	13.13676
967.309	13.22347
967.606	12.9326
967.904	13.14688
968.202	13.07173
968.499	12.9821
968.797	13.08327
969.095	13.02436
969.392	13.07418
969.689	12.98142
969.987	13.02901
970.284	12.97005
970.581	13.06931
970.878	13.05176
971.176	13.1533
971.473	12.94428
971.77	12.96177
972.067	13.01038
972.363	12.90909
972.66	12.93693
972.957	12.89689
973.254	12.82859
973.55	12.97076
973.847	12.93861
974.144	12.93139
974.44	12.77929
974.736	12.92155
975.033	13.02693
975.329	12.8063
975.625	12.84209
975.922	12.89523
976.218	12.9195
976.514	13.03124
976.81	12.9949
977.106	12.83311
977.402	12.83798
977.697	12.7959
977.993	12.75469
978.289	13.01942
978.585	12.75718
978.88	12.68877
979.176	12.92873
979.471	12.82003
979.767	12.71214
980.062	12.86378
980.357	12.92379
980.653	12.94099
980.948	12.74003
981.243	12.62268
981.538	12.89963
981.833	12.73053
982.128	12.83847
982.423	12.62796
982.718	12.70076
983.013	12.49874
983.307	12.77663
983.602	12.69495
983.897	12.62385
984.191	12.72897
984.486	12.8108
984.78	12.72535
985.075	12.92212
985.369	12.48686
985.663	12.5886
985.957	12.64334
986.251	12.67553
986.546	12.89428
986.84	12.73796
987.134	12.84897
987.428	12.5231
987.721	12.49003
988.015	12.60097
988.309	12.70502
988.603	12.6912
988.896	12.73442
989.19	12.56316
989.483	12.00973
989.777	12.57931
990.07	12.59545
990.364	12.30422
990.657	12.59881
990.95	12.30963
991.243	12.55449
991.536	12.40416
991.829	12.53106
992.122	12.46833
992.415	12.44648
992.708	12.49147
993.001	12.62622
993.294	12.4702
993.586	12.42959
993.879	12.53946
994.172	12.38257
994.464	12.62026
994.757	12.38938
995.049	12.73997
995.341	12.60853
995.634	12.54489
995.926	12.42842
996.218	12.32918
996.51	12.37797
996.802	12.60089
997.094	12.42252
997.386	12.38258
997.678	12.44121
997.97	12.5376
998.262	12.48419
998.553	12.24769
998.845	12.65975
999.136	12.61091
999.428	12.50854
999.719	12.30782
1000.011	12.46095
1000.302	12.31521
1000.594	12.34218
1000.885	12.20784
1001.176	12.25143
1001.467	12.0484
1001.758	12.12551
1002.049	12.48471
1002.34	12.21667
1002.631	12.27862
1002.922	12.2144
1003.212	12.38476
1003.503	12.08172
1003.794	12.28101
1004.084	12.54977
1004.375	12.28504
1004.665	12.28146
1004.956	12.18619
1005.246	12.21637
1005.536	12.39496
1005.827	12.20782
1006.117	12.38403
1006.407	12.46947
1006.697	12.21666
1006.987	12.18487
1007.277	12.19954
1007.567	12.31655
1007.857	12.06073
1008.147	12.33623
1008.436	11.99345
1008.726	12.00292
1009.015	12.12711
1009.305	11.99301
1009.594	12.16737
1009.884	12.11147
1010.173	12.06977
1010.463	12.11396
1010.752	12.0916
1011.041	12.13474
1011.33	12.43609
1011.619	12.19652
1011.908	12.3004
1012.197	11.98658
1012.486	11.94804
1012.775	11.84714
1013.064	11.99811
1013.352	12.63345
1013.641	12.19194
1013.929	12.33968
1014.218	12.21204
1014.506	11.86408
1014.795	12.12743
1015.083	11.94782
1015.372	12.09051
1015.66	11.85459
1015.948	11.84691
1016.236	11.83996
1016.524	12.08257
1016.812	12.14784
1017.1	11.9558
1017.388	11.8645
1017.676	11.84912
1017.964	11.89865
1018.251	11.98321
1018.539	12.09411
1018.827	11.83865
1019.114	12.16058
1019.402	12.12036
1019.689	12.01492
1019.976	12.21322
1020.264	12.15342
1020.551	12.16437
1020.838	11.82829
1021.125	12.20328
1021.412	11.94438
1021.699	12.13126
1021.986	11.78943
1022.273	12.14917
1022.56	11.96715
1022.847	11.64477
1023.133	12.12741
1023.42	12.10486
1023.706	12.06694
1023.993	12.18267
1024.279	11.84626
1024.566	11.85002
1024.852	11.78547
1025.139	11.8645
1025.425	11.9456
1025.711	11.62008
1025.997	11.52275
1026.283	11.78959
1026.569	11.73956
1026.855	11.6735
1027.141	11.36024
1027.427	11.74895
1027.712	11.78277
1027.998	11.85373
1028.284	11.98842
1028.569	11.82264
1028.855	12.03416
1029.14	12.39709
1029.426	11.61208
1029.711	11.50667
1029.996	11.67889
1030.282	11.67382
1030.567	12.12086
1030.852	11.40705
1031.137	11.95872
1031.422	11.56433
1031.707	11.49891
1031.992	12.10193
1032.276	11.35261
1032.561	11.50394
1032.846	11.54564
1033.131	11.84178
1033.415	11.64712
1033.7	11.35317
1033.984	11.43199
1034.268	11.58328
1034.553	12.0411
1034.837	11.33499
1035.121	11.46589
1035.405	11.81231
1035.69	11.55549
1035.974	11.62991
1036.258	11.52585
1036.541	12.17413
1036.825	11.90813
1037.109	12.24515
1037.393	11.68456
1037.677	11.37129
1037.96	11.12886
1038.244	11.45968
1038.527	11.78384
1038.811	11.7551
1039.094	11.41557
1039.377	11.30422
1039.661	11.56626
1039.944	11.7912
1040.227	11.18864
1040.51	11.93631
1040.793	12.08581
1041.076	11.92122
1041.359	11.25319
1041.642	11.10138
1041.925	11.58916
